4	5	5	6	6	7	7	8	9	10	10	10	11	12	12	12	14	16	18	20	21	22	23	27	29	31	36	38	41	44	46	52	56	59	64	71	74	81	90	95	103	113	123	133	144	155	168	181	196	211	228	246	264	289	311	339	368	399	429	464	502	541	587	631	682	735	793	856	927	997	1077	1159	1254	1354	1463	1581	1709	1845	1993	2152	2325	2512	2711	2925	3160	3416	3687	3981	4298	4639	5013	5406	5841	6310	6817	7363	7949	8575	9267	10003
5	5	6	6	6	6	8	8	9	9	10	10	11	12	12	12	14	16	18	20	20	22	22	26	28	31	35	39	40	43	46	50	55	59	64	71	74	81	89	95	104	113	122	131	143	155	169	180	195	211	229	246	265	288	311	340	367	399	429	464	503	540	586	631	682	735	793	857	926	998	1077	1159	1254	1353	1463	1580	1709	1843	1993	2152	2325	2512	2711	2925	3160	3417	3686	3981	4299	4638	5012	5407	5841	6310	6817	7363	7948	8575	9267	10004
4	4	5	5	5	5	7	8	8	9	10	11	12	13	14	14	15	16	18	19	20	22	23	27	27	31	34	38	40	44	46	50	54	58	64	71	73	81	89	95	103	112	123	132	142	154	168	180	196	211	229	246	267	288	311	341	367	398	429	465	502	540	586	631	682	735	792	856	924	997	1077	1159	1254	1352	1463	1581	1710	1843	1992	2152	2324	2511	2711	2924	3160	3418	3686	3979	4298	4640	5011	5408	5843	6310	6816	7364	7948	8576	9267	10003
5	5	5	5	6	6	6	8	8	8	10	11	12	13	14	15	15	16	18	20	21	23	25	26	28	31	34	38	41	45	47	50	53	59	64	71	74	81	89	96	103	111	122	131	143	154	168	179	195	211	229	247	268	288	311	341	367	397	429	465	502	541	586	630	681	735	792	856	924	998	1076	1159	1253	1352	1462	1582	1709	1843	1992	2152	2324	2509	2710	2924	3159	3417	3687	3979	4297	4640	5011	5409	5843	6310	6815	7363	7949	8576	9265	10002
4	4	5	5	5	5	6	7	8	9	10	10	12	14	15	15	16	17	18	20	21	22	26	27	29	32	34	37	41	44	46	49	53	58	64	70	75	81	88	97	104	111	122	130	142	154	167	180	194	212	228	247	268	289	312	341	368	396	431	466	502	541	586	630	680	735	791	854	924	997	1075	1160	1252	1351	1461	1581	1708	1844	1992	2153	2324	2509	2709	2923	3159	3416	3687	3978	4297	4640	5010	5408	5843	6310	6814	7363	7949	8576	9265	10003
4	4	4	6	6	6	6	7	8	9	10	11	13	13	15	15	17	17	18	21	22	24	26	27	30	32	34	36	40	43	46	50	54	58	64	69	76	81	88	97	104	111	121	128	142	155	167	181	194	211	228	247	267	289	314	340	368	396	432	466	503	540	586	629	682	736	792	853	924	996	1076	1160	1252	1351	1461	1581	1708	1844	1992	2153	2323	2508	2708	2923	3158	3416	3686	3978	4297	4640	5010	5408	5843	6311	6814	7362	7948	8578	9266	10005
4	4	5	6	7	7	7	7	7	10	10	12	12	14	15	15	16	17	19	20	21	24	27	28	30	31	34	36	40	43	45	49	55	58	64	68	77	83	88	97	104	111	120	131	141	156	168	180	195	212	229	246	268	289	314	340	368	396	432	465	504	541	586	630	682	735	791	852	922	996	1075	1161	1250	1352	1462	1580	1707	1844	1993	2153	2323	2508	2708	2923	3158	3415	3686	3978	4298	4639	5010	5408	5844	6311	6815	7362	7949	8578	9265	10006
4	5	6	6	7	7	7	8	8	10	11	11	11	13	14	14	17	17	18	20	21	24	26	27	29	31	33	35	39	42	45	49	55	58	63	69	76	83	89	96	104	111	120	131	141	156	169	181	194	212	228	247	269	289	313	340	368	396	431	466	504	540	585	631	682	735	791	853	921	996	1074	1160	1249	1352	1462	1581	1707	1844	1994	2153	2322	2508	2707	2922	3157	3416	3686	3979	4298	4638	5010	5407	5845	6311	6816	7361	7950	8578	9264	10005
5	5	6	6	6	6	8	8	9	11	11	11	12	13	13	15	16	16	18	20	22	24	26	27	29	31	33	36	38	42	44	48	55	59	63	69	76	83	88	96	104	112	121	131	141	157	169	182	193	212	229	246	269	290	313	339	368	397	431	465	503	541	584	630	681	734	791	853	921	996	1074	1161	1249	1352	1461	1582	1705	1845	1995	2153	2320	2509	2707	2921	3156	3415	3687	3980	4299	4639	5008	5408	5846	6312	6815	7362	7950	8577	9264	10006
5	6	6	6	6	7	8	8	10	10	10	11	13	14	14	15	17	17	19	19	22	24	25	27	29	30	34	35	38	41	44	48	55	58	63	68	75	82	89	96	103	112	122	132	143	157	168	183	195	213	228	246	270	290	313	340	367	396	430	464	503	541	584	630	680	735	791	853	921	995	1073	1160	1249	1352	1462	1582	1706	1845	1995	2152	2320	2508	2706	2921	3156	3414	3687	3981	4298	4639	5008	5409	5846	6312	6816	7361	7950	8577	9264	10005
5	6	7	7	7	8	8	9	9	10	10	11	13	14	14	15	17	18	18	18	22	23	24	27	27	31	35	36	38	41	43	49	55	58	63	68	75	81	89	96	104	113	122	132	144	157	168	183	197	212	229	246	269	291	314	341	366	397	429	464	503	541	584	630	680	734	791	852	920	995	1073	1159	1250	1352	1463	1581	1707	1844	1995	2152	2320	2508	2707	2921	3158	3414	3688	3980	4298	4639	5008	5409	5845	6313	6816	7362	7950	8578	9265	10005
5	6	6	7	7	7	9	9	9	10	11	11	13	13	15	15	17	17	19	20	22	24	25	26	27	32	35	36	38	41	44	48	55	58	63	69	76	82	89	99	105	113	122	133	144	157	168	184	197	212	229	248	269	290	315	342	366	397	429	464	503	542	584	631	679	734	791	852	920	994	1073	1159	1250	1352	1462	1581	1707	1844	1995	2152	2321	2508	2706	2921	3158	3414	3687	3981	4298	4638	5008	5409	5845	6314	6816	7362	7950	8578	9264	10005
5	5	6	6	7	7	8	8	10	11	11	13	13	14	15	15	16	17	18	20	22	23	24	25	27	32	35	36	38	40	44	49	54	59	63	70	76	82	89	99	106	112	123	133	144	157	168	183	197	213	230	248	269	290	315	341	366	397	430	464	503	541	584	631	680	733	791	851	920	994	1072	1158	1249	1351	1462	1581	1707	1845	1995	2152	2321	2508	2706	2923	3157	3414	3687	3980	4299	4638	5008	5410	5846	6315	6817	7362	7951	8577	9265	10006
3	5	6	7	7	7	8	9	10	11	11	13	13	14	14	15	16	18	19	19	21	23	25	26	28	32	33	36	38	41	45	49	54	60	65	70	75	82	90	99	107	113	122	132	145	157	168	182	197	213	231	249	269	291	315	340	367	397	430	463	503	540	583	631	680	732	789	851	920	994	1073	1159	1250	1352	1461	1581	1707	1845	1993	2152	2322	2508	2706	2923	3157	3414	3688	3980	4300	4638	5008	5409	5845	6314	6816	7361	7951	8578	9265	10005
4	4	5	6	6	8	9	10	10	11	12	13	13	13	14	15	16	19	19	20	21	23	25	27	28	32	33	36	39	41	46	50	54	60	65	71	76	83	90	98	106	113	122	132	144	157	168	182	198	214	231	249	270	291	314	341	367	397	430	463	502	541	583	631	680	734	789	850	921	995	1073	1159	1250	1351	1461	1581	1706	1845	1993	2152	2322	2508	2707	2922	3156	3413	3688	3980	4299	4638	5009	5409	5845	6313	6817	7362	7951	8577	9265	10003
4	4	5	6	6	9	9	10	10	10	12	13	13	14	15	15	17	19	20	21	21	24	25	26	28	31	33	36	39	42	47	50	56	61	64	71	77	82	89	97	106	113	122	133	144	156	169	183	197	215	232	249	270	291	315	341	368	398	430	462	501	540	583	631	680	734	790	853	921	994	1073	1159	1251	1352	1460	1580	1705	1845	1993	2152	2322	2507	2707	2923	3157	3414	3687	3980	4297	4638	5010	5408	5845	6314	6817	7362	7952	8578	9265	10002
3	4	6	7	7	8	9	9	9	10	11	13	13	13	15	15	17	18	19	20	22	24	26	26	28	32	33	35	40	43	47	52	56	61	65	72	76	83	89	97	106	113	122	133	144	155	168	182	197	214	232	250	269	291	316	341	368	398	427	462	501	539	582	631	679	733	790	853	920	994	1073	1159	1252	1352	1461	1579	1706	1845	1992	2153	2322	2508	2707	2922	3157	3414	3688	3979	4298	4637	5009	5409	5845	6313	6817	7362	7952	8577	9264	10002
5	5	6	7	8	8	8	9	10	10	11	12	12	14	15	15	17	18	19	20	22	24	25	25	28	32	33	36	39	43	48	52	57	62	65	71	76	83	90	97	105	113	122	133	144	155	168	182	198	214	231	250	269	292	316	341	369	398	427	462	499	539	583	631	679	733	789	853	919	995	1072	1160	1251	1352	1461	1580	1706	1845	1993	2153	2323	2508	2706	2923	3157	3415	3689	3979	4298	4637	5009	5408	5845	6314	6816	7362	7952	8576	9263	10002
5	6	6	6	8	8	9	9	9	10	11	11	12	13	14	16	17	18	19	20	22	23	25	27	29	33	34	35	40	43	48	52	58	61	65	71	76	84	91	97	105	114	122	133	144	155	168	181	199	214	231	251	268	292	317	341	369	397	427	463	500	539	583	631	679	732	789	853	918	994	1071	1160	1251	1352	1461	1580	1707	1846	1992	2153	2323	2508	2705	2923	3157	3416	3689	3979	4298	4637	5008	5410	5845	6314	6816	7362	7951	8578	9262	10002
5	5	5	6	7	8	8	8	9	10	11	12	12	14	15	16	17	18	20	21	22	23	26	28	30	32	34	37	41	44	47	52	57	61	66	71	76	84	92	98	105	113	122	132	145	155	168	181	199	213	232	251	269	293	316	341	369	398	429	464	500	539	582	630	679	730	788	853	918	994	1070	1160	1251	1352	1461	1580	1707	1845	1993	2152	2323	2508	2705	2923	3156	3417	3688	3979	4297	4637	5008	5410	5843	6314	6816	7362	7951	8579	9262	10001
6	6	6	6	6	8	8	8	9	10	10	12	13	14	15	17	17	18	20	20	22	24	27	29	30	33	36	38	41	43	48	51	56	61	66	70	75	84	92	97	105	114	123	133	144	157	168	182	200	212	231	251	269	294	317	340	369	397	430	464	500	540	583	630	678	730	787	853	918	992	1069	1159	1251	1351	1460	1580	1706	1845	1993	2154	2324	2507	2705	2922	3157	3416	3689	3979	4296	4638	5008	5411	5844	6313	6814	7361	7950	8579	9262	10000
6	6	6	6	6	7	9	9	10	10	11	12	13	15	15	16	17	18	20	21	22	24	27	29	31	33	36	38	41	44	48	52	56	60	66	70	76	83	91	98	106	113	122	134	143	157	168	183	200	213	231	251	269	293	317	339	370	397	430	464	500	540	584	629	679	729	787	852	919	993	1069	1158	1251	1353	1461	1580	1708	1846	1993	2155	2324	2507	2705	2923	3156	3414	3688	3978	4295	4639	5008	5411	5844	6314	6816	7362	7949	8580	9262	10000
5	7	7	7	7	8	8	8	9	10	11	11	13	14	15	16	17	19	19	21	22	23	26	29	31	34	36	38	42	44	47	51	56	61	67	69	77	83	91	98	107	114	123	134	144	157	169	183	199	213	232	250	270	293	317	339	369	397	429	464	499	539	585	629	678	729	788	852	918	994	1070	1159	1251	1353	1460	1580	1708	1846	1994	2155	2324	2507	2705	2923	3156	3415	3687	3977	4295	4639	5008	5412	5844	6314	6817	7362	7948	8580	9261	10000
6	6	6	6	7	7	8	8	9	10	10	12	12	14	15	16	17	18	20	21	22	23	26	29	31	33	36	39	43	45	48	51	54	61	66	69	76	83	91	98	106	115	123	133	145	157	169	183	199	213	232	250	270	292	317	340	369	397	429	463	499	539	585	629	679	729	788	851	919	993	1070	1158	1250	1353	1460	1577	1708	1845	1993	2156	2324	2506	2706	2923	3157	3415	3685	3976	4293	4639	5008	5411	5844	6314	6817	7362	7947	8579	9261	10000
5	5	6	6	6	7	8	8	8	9	10	12	13	14	14	17	18	18	19	21	23	24	26	29	31	34	35	40	43	45	49	53	56	62	66	69	77	83	90	99	105	114	123	133	144	157	169	183	199	214	232	251	270	292	317	341	370	396	429	463	499	539	585	629	680	729	787	851	919	993	1070	1158	1252	1352	1460	1577	1709	1845	1994	2155	2325	2507	2706	2923	3156	3415	3686	3975	4293	4639	5008	5412	5844	6314	6817	7362	7947	8579	9261	10000
5	6	6	6	6	6	7	8	9	9	11	11	13	14	15	16	17	17	19	20	23	24	27	29	32	34	36	40	42	44	50	53	57	62	65	70	76	83	90	99	106	114	122	134	145	157	169	184	198	215	233	251	270	293	317	341	370	397	428	464	499	540	584	629	680	729	787	852	919	993	1070	1159	1252	1352	1460	1578	1708	1846	1993	2155	2325	2507	2706	2922	3156	3415	3686	3975	4293	4638	5008	5411	5844	6313	6818	7361	7948	8578	9261	10000
5	5	5	6	6	7	8	8	8	10	11	11	13	14	14	16	16	18	19	20	22	25	27	28	32	34	37	39	42	44	50	52	56	62	65	72	76	84	91	99	106	115	122	133	145	158	170	184	198	215	234	251	269	292	316	341	370	397	428	464	499	539	583	629	680	729	788	851	919	993	1072	1159	1252	1352	1461	1578	1707	1845	1993	2156	2325	2507	2706	2922	3154	3414	3686	3975	4294	4639	5006	5412	5844	6313	6819	7361	7949	8577	9261	10000
5	5	6	6	7	7	7	7	7	10	10	11	12	14	14	16	17	17	19	21	22	24	26	28	31	34	36	39	43	46	49	53	56	62	65	72	75	83	90	99	106	115	123	132	145	159	172	184	199	217	234	251	270	292	316	341	370	398	430	464	499	539	583	629	679	729	787	850	918	994	1073	1159	1251	1351	1461	1577	1706	1846	1992	2156	2326	2507	2705	2922	3153	3414	3686	3975	4293	4639	5006	5412	5843	6313	6818	7361	7949	8578	9262	10000
4	5	6	6	7	7	7	8	8	9	10	12	13	14	15	15	17	17	19	22	22	24	25	27	30	33	36	38	43	46	49	52	57	62	66	72	77	84	89	99	107	116	122	133	145	158	172	184	199	218	235	251	270	293	317	341	370	398	431	463	499	539	583	629	678	730	788	850	918	995	1074	1157	1252	1351	1460	1576	1706	1846	1992	2155	2327	2507	2705	2921	3153	3414	3685	3975	4292	4639	5007	5412	5842	6313	6818	7361	7950	8577	9264	10000
5	5	5	6	7	7	7	7	8	8	10	11	12	14	14	15	16	17	19	21	23	24	25	27	30	34	36	39	43	46	49	53	57	61	67	71	77	83	89	98	108	115	121	134	147	158	172	183	200	219	235	251	269	293	317	340	370	397	431	462	498	539	583	628	678	731	788	849	918	994	1073	1158	1251	1352	1460	1576	1707	1846	1992	2156	2327	2508	2704	2921	3154	3413	3685	3975	4293	4638	5007	5412	5843	6313	6819	7361	7950	8578	9264	10001
4	4	4	5	6	6	7	7	7	9	9	11	11	11	14	14	16	18	20	20	22	23	26	27	30	33	35	38	43	46	50	54	57	61	66	72	78	83	91	99	107	115	124	135	147	157	172	184	200	219	236	251	270	293	317	342	368	398	431	461	499	538	583	629	678	731	789	848	918	994	1073	1159	1251	1352	1460	1577	1707	1845	1993	2155	2327	2507	2706	2921	3154	3412	3686	3975	4294	4638	5007	5411	5844	6312	6820	7361	7950	8578	9264	10002
4	4	4	4	5	5	6	8	9	9	10	11	11	12	13	15	16	17	19	20	23	24	27	29	30	33	35	38	43	47	51	53	58	61	68	73	78	84	93	98	108	115	124	135	147	157	172	184	204	220	235	252	269	292	318	343	368	397	431	462	499	538	583	629	676	730	789	848	918	993	1073	1159	1252	1351	1460	1577	1708	1846	1993	2154	2326	2507	2706	2921	3155	3413	3686	3974	4294	4638	5007	5411	5843	6313	6820	7361	7949	8577	9264	10002
4	4	4	4	5	6	7	7	9	9	10	11	12	12	13	16	17	18	20	21	23	25	27	30	31	32	35	39	42	46	50	53	57	61	68	72	79	85	93	99	108	115	125	137	147	157	172	185	204	219	235	252	270	292	317	342	367	396	430	464	500	537	583	629	676	729	790	850	917	993	1073	1159	1252	1351	1460	1577	1707	1846	1993	2154	2325	2507	2706	2920	3157	3412	3686	3975	4294	4638	5007	5412	5842	6314	6820	7361	7948	8577	9263	10002
4	4	5	5	5	6	8	8	9	10	11	12	12	13	13	15	17	18	20	21	22	25	28	30	33	34	38	39	42	46	49	53	58	63	68	74	79	85	92	99	108	116	127	138	146	159	172	184	204	218	234	251	271	290	316	342	368	398	429	465	499	536	583	628	676	730	790	850	917	992	1073	1160	1252	1351	1460	1575	1707	1847	1994	2153	2325	2507	2705	2921	3157	3412	3687	3975	4294	4637	5007	5411	5843	6314	6819	7360	7947	8576	9264	10001
4	4	5	5	5	6	8	8	9	10	11	12	13	13	14	16	17	18	20	21	21	25	28	30	33	35	38	40	44	46	50	54	58	63	67	75	79	85	92	101	108	118	128	138	148	161	173	184	204	218	234	250	270	290	316	341	368	398	430	465	500	537	583	629	676	731	790	849	917	992	1072	1159	1253	1350	1459	1574	1707	1848	1994	2154	2325	2506	2705	2921	3156	3413	3686	3974	4294	4637	5008	5411	5843	6313	6820	7361	7947	8576	9265	10000
5	5	5	5	5	7	8	9	9	11	11	12	13	14	15	17	17	17	19	21	23	24	29	30	33	36	38	41	45	46	49	54	58	62	66	75	80	84	92	101	108	119	127	138	148	161	174	185	201	216	234	251	270	291	317	340	369	398	430	466	500	537	583	628	676	731	789	848	917	992	1070	1159	1253	1350	1460	1576	1707	1847	1993	2154	2325	2506	2705	2921	3155	3414	3686	3975	4294	4638	5009	5411	5843	6313	6820	7360	7948	8576	9264	9999
5	5	5	5	5	7	8	9	10	10	10	12	13	14	14	16	16	18	18	21	23	25	28	30	33	36	39	42	44	46	49	53	59	62	67	75	80	85	92	101	107	119	127	138	149	161	175	185	201	216	233	251	270	291	317	340	368	397	429	465	500	538	582	628	676	731	789	848	918	991	1069	1158	1254	1350	1462	1577	1707	1846	1993	2154	2325	2507	2704	2920	3154	3413	3686	3975	4294	4637	5009	5412	5841	6313	6819	7359	7947	8575	9264	9998
5	5	6	6	6	7	7	9	9	10	10	10	12	14	14	16	17	18	20	22	24	25	28	31	33	36	39	43	44	47	51	54	59	61	68	74	80	86	93	101	108	118	128	139	149	162	176	186	199	216	233	251	270	292	317	339	367	397	430	463	500	539	581	628	676	730	788	848	920	991	1069	1158	1253	1351	1463	1577	1707	1845	1994	2154	2324	2507	2703	2920	3155	3413	3686	3975	4293	4639	5008	5412	5842	6313	6817	7359	7947	8575	9264	9999
5	5	6	7	7	7	7	8	9	9	10	11	13	13	14	15	17	18	20	22	25	27	28	32	34	36	39	44	44	48	51	54	59	62	68	75	79	86	93	103	110	118	128	140	150	161	175	187	198	215	232	251	270	293	317	340	367	397	429	464	500	538	581	628	676	730	788	847	921	991	1068	1159	1254	1351	1464	1576	1707	1845	1994	2154	2325	2506	2702	2920	3155	3412	3686	3975	4294	4639	5008	5412	5843	6314	6816	7359	7947	8575	9264	9999
4	6	6	7	7	7	7	7	9	10	11	12	13	14	15	16	18	18	20	22	24	27	29	32	34	37	39	44	44	48	51	54	59	62	70	74	79	87	94	103	111	117	129	140	150	161	175	186	198	214	232	250	270	292	317	339	367	397	429	465	500	539	581	627	676	730	787	848	922	990	1070	1160	1255	1350	1463	1577	1708	1844	1994	2153	2325	2507	2702	2920	3154	3411	3687	3976	4295	4639	5009	5412	5844	6314	6816	7358	7948	8575	9264	9999
5	6	6	6	6	6	6	7	9	10	11	12	13	13	15	15	17	19	20	22	24	26	29	31	34	36	39	43	45	48	51	55	59	65	70	74	80	87	94	102	111	118	128	139	150	160	175	186	199	215	232	250	270	293	317	339	367	396	429	465	499	538	580	628	678	729	786	849	922	991	1070	1161	1256	1350	1463	1577	1708	1842	1994	2153	2324	2507	2703	2921	3154	3411	3688	3975	4295	4638	5009	5412	5844	6314	6817	7359	7949	8573	9263	9998
6	6	6	7	7	7	7	8	10	11	12	13	13	14	15	16	16	18	20	22	24	27	29	32	34	36	40	44	46	48	51	56	59	65	70	75	80	86	95	102	111	118	129	138	150	161	176	186	198	215	232	251	269	292	317	340	366	395	429	465	499	538	580	627	679	729	786	849	922	990	1071	1161	1255	1351	1463	1578	1709	1843	1994	2153	2323	2508	2702	2923	3154	3410	3688	3975	4295	4638	5010	5411	5843	6314	6817	7358	7949	8575	9263	9999
5	6	6	7	7	8	9	9	10	12	12	13	13	15	16	16	17	18	20	22	25	27	30	31	34	35	40	44	46	49	51	56	60	66	69	75	81	86	94	100	111	119	128	139	151	162	176	186	199	215	232	250	269	291	315	339	364	395	429	464	498	539	581	628	679	730	786	853	922	990	1072	1162	1255	1352	1464	1577	1709	1844	1994	2152	2321	2508	2702	2924	3154	3410	3687	3975	4294	4638	5011	5411	5844	6313	6816	7358	7949	8575	9263	9999
5	5	7	7	8	8	10	10	11	12	13	14	14	15	15	17	18	20	20	23	25	27	29	31	34	35	40	44	46	48	51	56	61	66	68	76	82	86	93	101	111	120	129	140	151	163	176	186	200	215	231	250	269	291	315	339	364	396	429	463	497	538	581	628	679	730	787	854	920	992	1072	1163	1255	1353	1463	1578	1709	1844	1992	2153	2322	2507	2702	2924	3155	3411	3686	3976	4297	4637	5010	5411	5844	6314	6817	7358	7948	8575	9263	9999
5	6	6	7	7	9	10	10	11	12	12	14	14	15	17	18	19	21	21	23	24	27	30	31	33	35	39	42	44	48	51	55	61	66	71	75	81	86	94	102	111	120	130	140	151	164	175	187	201	215	232	251	271	291	315	339	364	395	429	463	496	538	582	628	679	730	787	854	921	992	1072	1162	1255	1353	1463	1578	1708	1844	1991	2152	2322	2507	2701	2924	3157	3411	3686	3975	4298	4638	5009	5415	5844	6313	6816	7357	7949	8575	9263	9998
6	7	7	7	8	9	10	10	12	12	12	13	14	16	17	18	19	20	22	24	24	26	30	32	33	36	39	42	43	48	51	55	61	65	71	75	82	87	93	103	111	120	130	140	150	164	175	186	201	216	233	250	271	291	315	338	365	395	428	461	495	538	581	628	679	730	789	854	920	993	1071	1162	1253	1354	1462	1578	1709	1843	1989	2151	2322	2507	2703	2923	3157	3411	3685	3975	4299	4638	5009	5415	5843	6313	6815	7357	7948	8576	9263	9997
6	7	7	8	8	8	10	11	11	12	12	12	14	15	17	18	19	20	23	24	25	26	30	31	34	36	38	42	43	48	50	55	61	65	71	76	83	88	94	102	111	120	130	139	150	164	175	187	201	215	232	250	270	291	316	338	365	393	427	461	496	539	581	627	678	729	789	854	920	993	1075	1162	1251	1357	1463	1577	1709	1843	1989	2151	2321	2506	2703	2923	3156	3410	3685	3977	4299	4638	5010	5415	5843	6312	6816	7356	7947	8576	9263	9997
5	7	8	8	8	8	10	10	11	11	11	12	13	16	16	18	20	20	23	24	25	27	29	30	34	35	39	41	45	48	49	55	60	65	71	75	82	88	94	102	111	121	130	138	151	164	174	186	201	214	232	251	271	290	316	338	365	394	426	461	496	539	580	627	677	730	788	855	921	992	1075	1162	1251	1357	1464	1578	1708	1842	1990	2150	2319	2506	2708	2924	3156	3410	3686	3977	4299	4637	5010	5416	5843	6311	6815	7357	7944	8576	9263	9997
6	6	7	8	8	8	9	10	11	11	12	12	14	15	16	17	19	20	23	23	24	27	29	30	33	36	38	41	45	48	50	55	59	65	71	75	82	89	94	102	111	122	131	138	151	163	174	187	201	214	232	250	271	290	316	338	366	395	427	461	496	538	579	627	676	731	787	855	920	993	1074	1161	1251	1357	1465	1578	1707	1843	1990	2151	2318	2505	2708	2924	3156	3411	3686	3977	4300	4637	5010	5416	5843	6311	6814	7356	7944	8576	9263	9996
7	7	8	8	8	8	9	9	10	10	11	12	14	15	15	16	19	20	21	23	25	27	30	30	33	36	38	41	44	47	49	54	59	64	71	76	81	89	95	102	111	122	130	138	151	162	174	187	201	213	232	250	271	290	315	338	366	395	426	461	496	538	580	627	677	731	788	855	920	993	1076	1161	1253	1356	1467	1578	1707	1843	1990	2151	2318	2504	2708	2924	3157	3410	3686	3977	4299	4637	5009	5415	5844	6310	6813	7356	7945	8576	9262	9997
7	7	7	7	7	7	9	9	10	11	11	11	14	15	15	15	17	20	22	22	24	26	29	29	33	36	39	41	44	46	50	55	59	63	68	76	81	89	95	103	110	122	129	137	152	161	174	187	201	213	233	250	271	290	315	338	366	396	426	461	496	538	581	628	677	731	788	855	920	993	1076	1161	1254	1356	1467	1579	1706	1844	1990	2151	2317	2504	2708	2924	3157	3410	3686	3977	4298	4638	5009	5415	5845	6311	6814	7357	7946	8576	9262	9996
6	7	7	7	8	8	8	9	11	11	12	13	13	14	14	15	17	18	21	22	24	26	28	29	32	35	38	39	45	46	51	54	59	64	68	76	82	90	96	104	110	121	130	137	151	161	172	186	200	214	232	249	270	290	314	338	366	396	426	461	496	537	580	627	677	730	788	855	920	991	1075	1162	1254	1357	1467	1579	1707	1844	1990	2150	2317	2505	2708	2923	3157	3410	3684	3977	4299	4637	5009	5415	5844	6312	6814	7357	7945	8576	9262	9996
6	7	7	8	9	9	9	10	11	12	12	13	13	13	15	16	18	19	21	22	24	26	28	29	32	34	36	39	44	45	51	55	59	64	68	75	81	89	96	104	110	117	130	138	150	160	173	187	197	215	233	249	269	289	313	339	366	395	425	461	496	538	579	627	678	730	789	853	921	995	1075	1163	1255	1356	1466	1580	1706	1843	1989	2150	2317	2504	2708	2921	3158	3410	3685	3978	4299	4636	5009	5416	5844	6312	6814	7358	7944	8577	9262	9996
6	7	7	8	9	9	10	10	10	12	12	13	14	14	16	17	18	19	20	22	24	26	27	29	32	33	36	38	44	46	50	55	58	63	68	75	83	89	96	103	110	118	130	139	151	161	174	186	197	215	232	249	269	288	312	338	367	395	425	460	497	538	579	626	677	730	790	853	922	995	1074	1163	1254	1355	1466	1581	1706	1844	1990	2148	2317	2504	2707	2922	3160	3409	3684	3979	4300	4638	5008	5417	5844	6311	6813	7357	7945	8576	9262	9996
7	7	7	7	8	9	10	10	10	12	13	13	14	15	15	17	17	19	21	22	23	26	27	30	31	33	35	39	41	46	49	54	58	64	68	75	83	89	97	103	110	117	128	139	151	161	174	185	196	215	231	249	268	289	312	339	367	396	426	461	497	539	579	626	678	731	789	852	923	996	1074	1164	1254	1356	1465	1581	1706	1845	1990	2149	2317	2504	2707	2923	3160	3409	3684	3979	4299	4639	5008	5417	5844	6310	6813	7358	7945	8577	9261	9997
6	7	7	7	7	9	9	10	10	11	12	13	14	15	15	16	17	20	20	21	23	26	27	29	31	33	36	38	42	45	50	54	59	63	68	74	82	89	96	102	109	119	128	138	151	161	174	184	197	214	231	250	268	288	312	338	367	396	426	461	496	539	579	627	678	731	789	853	924	997	1075	1163	1255	1355	1465	1580	1706	1844	1991	2148	2317	2504	2706	2922	3159	3410	3684	3979	4300	4639	5009	5417	5843	6310	6811	7357	7944	8578	9262	9997
6	7	7	7	8	8	8	9	10	11	12	13	14	14	15	16	16	19	20	22	23	25	26	30	32	34	36	38	42	45	50	54	58	63	68	75	81	87	95	101	110	119	127	137	149	160	172	184	198	213	230	249	267	288	312	337	368	396	426	462	497	538	578	628	678	731	789	853	925	998	1075	1164	1255	1356	1465	1580	1706	1845	1990	2147	2317	2504	2705	2922	3161	3411	3684	3980	4299	4639	5010	5416	5845	6309	6811	7358	7944	8577	9262	9997
6	6	6	7	8	8	9	9	10	10	11	12	12	14	15	16	16	19	20	22	22	25	27	30	32	33	35	38	41	45	50	53	57	64	69	74	80	85	94	101	111	119	125	137	146	160	172	182	198	214	230	249	267	289	312	339	368	395	425	462	497	538	579	628	678	731	789	854	924	997	1075	1164	1255	1356	1465	1581	1709	1844	1990	2148	2317	2504	2704	2923	3162	3411	3684	3980	4298	4639	5010	5416	5845	6310	6812	7357	7945	8578	9262	9997
6	6	7	7	7	7	8	8	9	10	11	11	12	13	15	16	16	19	20	22	23	25	27	29	33	33	34	38	42	45	50	54	57	65	70	74	79	85	92	102	110	119	124	137	146	159	171	182	198	214	229	249	267	288	312	339	368	395	425	462	496	538	580	629	677	731	789	855	924	996	1076	1164	1253	1355	1465	1583	1709	1845	1989	2148	2317	2504	2705	2923	3161	3410	3684	3980	4300	4640	5011	5415	5846	6309	6811	7356	7944	8577	9261	9996
6	6	6	6	7	7	8	9	9	10	10	11	12	13	14	16	17	18	19	22	23	26	27	29	33	33	35	38	41	47	50	54	57	65	70	73	79	85	91	102	110	118	127	136	147	157	168	181	198	213	229	248	268	288	312	338	369	396	426	463	496	538	580	630	678	733	789	855	923	997	1076	1165	1253	1356	1466	1583	1710	1845	1989	2147	2317	2503	2706	2924	3161	3409	3684	3981	4300	4640	5012	5416	5847	6309	6813	7356	7943	8578	9262	9996
5	6	6	6	7	7	8	8	9	10	10	10	12	13	14	15	17	18	20	22	24	27	27	30	32	33	35	39	40	47	50	55	57	65	69	73	79	85	90	101	111	119	128	135	146	156	167	181	198	213	230	248	269	289	311	338	368	396	426	462	497	538	580	629	679	733	790	855	923	998	1076	1165	1256	1356	1466	1583	1710	1844	1988	2148	2317	2503	2708	2924	3162	3409	3683	3982	4300	4639	5011	5417	5847	6309	6813	7355	7944	8578	9262	9997
5	6	6	6	7	8	8	8	9	10	10	11	13	14	14	15	16	18	20	22	23	26	27	29	31	32	35	39	42	46	49	54	58	64	69	73	78	84	91	100	110	118	128	134	146	156	167	182	198	214	229	247	269	291	310	337	368	395	426	462	496	538	581	628	680	733	789	855	922	998	1076	1165	1257	1356	1466	1582	1710	1843	1989	2147	2316	2502	2708	2924	3162	3409	3683	3982	4299	4641	5010	5416	5846	6311	6813	7355	7944	8577	9261	9997
6	6	6	7	7	8	8	9	9	9	10	10	13	14	14	15	17	19	21	22	24	27	28	29	31	32	36	38	43	46	49	53	58	63	69	73	78	85	92	100	110	118	127	135	146	155	168	182	198	217	229	247	269	291	312	336	368	396	426	461	495	537	580	628	681	734	790	855	923	998	1077	1164	1257	1356	1466	1582	1710	1842	1988	2148	2316	2502	2708	2924	3162	3409	3682	3982	4299	4642	5010	5416	5847	6311	6813	7355	7944	8577	9261	9997
5	6	6	6	7	7	8	9	9	9	10	12	13	13	15	15	18	20	22	23	25	27	28	28	31	33	37	37	43	46	49	53	58	63	69	72	78	86	91	101	106	118	128	135	146	155	167	182	198	217	229	248	268	291	313	337	367	396	427	462	496	536	580	629	681	734	791	856	923	998	1078	1164	1257	1356	1466	1581	1709	1843	1988	2149	2317	2503	2708	2923	3162	3411	3682	3983	4298	4643	5010	5416	5848	6310	6813	7356	7944	8575	9261	9996
5	5	6	6	8	8	8	9	9	11	11	12	14	14	15	15	18	20	22	23	24	26	27	29	32	34	36	39	42	46	49	53	57	62	67	73	77	86	91	100	107	117	127	135	145	155	166	182	201	217	230	249	269	290	313	337	367	397	427	461	496	537	580	628	681	733	791	856	923	999	1077	1164	1257	1355	1466	1583	1709	1842	1989	2149	2317	2502	2709	2924	3161	3411	3681	3982	4298	4643	5009	5415	5848	6309	6813	7356	7944	8575	9260	9998
6	6	6	7	8	8	8	9	11	12	12	12	14	14	14	15	18	19	21	23	24	25	26	29	33	35	37	40	43	45	48	53	57	62	67	73	77	85	91	101	108	116	127	134	145	155	167	181	201	217	231	249	270	290	313	338	368	396	427	460	496	537	580	627	681	732	792	856	924	1000	1077	1164	1259	1356	1466	1583	1709	1843	1989	2149	2317	2503	2708	2923	3162	3411	3682	3982	4297	4644	5008	5416	5847	6309	6813	7357	7943	8575	9259	9998
6	6	6	8	8	8	8	9	12	12	12	13	15	15	15	17	18	20	21	22	24	26	27	29	33	36	37	41	44	45	48	52	57	61	67	73	77	86	91	100	107	116	125	135	145	155	167	184	200	216	231	250	270	291	313	338	368	396	427	460	495	537	580	627	681	733	792	855	924	1000	1077	1164	1259	1357	1467	1583	1708	1843	1989	2149	2317	2504	2709	2924	3163	3411	3682	3983	4297	4644	5007	5415	5848	6308	6813	7356	7944	8575	9259	9999
6	6	7	7	7	8	9	10	11	12	13	13	14	15	16	18	19	20	22	23	24	26	28	29	33	36	38	41	43	44	49	53	57	60	66	73	78	85	91	98	107	116	126	134	143	156	167	184	202	217	233	250	270	291	312	339	368	396	427	460	494	537	580	627	680	733	792	855	925	1000	1077	1163	1259	1358	1467	1584	1707	1843	1989	2149	2318	2504	2709	2926	3164	3411	3682	3983	4297	4644	5008	5414	5847	6307	6814	7355	7944	8575	9258	9999
6	7	7	8	8	9	10	10	10	12	12	12	13	14	17	17	19	21	22	24	25	27	28	30	33	36	38	41	43	44	49	52	55	59	66	72	77	85	91	97	107	115	126	134	143	157	169	184	203	217	233	249	271	292	314	340	366	395	427	459	492	537	581	627	679	732	791	856	924	999	1078	1164	1260	1358	1468	1584	1707	1843	1989	2150	2319	2504	2710	2926	3164	3412	3684	3983	4296	4645	5007	5414	5848	6307	6813	7355	7944	8575	9258	9999
7	7	7	8	8	9	9	9	10	11	11	11	12	14	16	18	19	21	22	25	26	27	28	30	32	35	39	42	44	46	49	54	56	59	64	72	77	84	92	98	107	115	127	134	143	158	170	185	203	217	234	251	270	291	315	340	366	394	427	460	494	537	581	627	679	731	791	855	924	999	1078	1164	1260	1358	1467	1584	1706	1841	1989	2150	2320	2504	2709	2927	3164	3411	3684	3982	4296	4645	5010	5414	5847	6308	6812	7353	7944	8576	9258	9999
7	7	7	8	8	8	8	9	10	10	11	12	12	13	16	19	19	22	22	24	25	26	29	30	33	34	38	41	44	46	50	54	57	61	63	70	76	85	92	99	106	115	127	134	144	158	171	184	203	216	233	252	269	291	315	340	366	394	426	461	495	537	582	628	678	732	790	855	924	1000	1078	1165	1261	1359	1467	1584	1705	1842	1989	2150	2320	2505	2709	2926	3164	3411	3683	3981	4297	4645	5011	5413	5847	6307	6810	7352	7943	8576	9258	9998
7	7	7	7	8	8	8	9	9	9	11	11	11	14	15	18	20	21	23	23	24	26	28	31	32	34	38	42	45	48	50	54	57	61	64	71	77	85	93	99	106	116	127	135	145	159	171	184	202	216	233	252	269	291	316	339	366	393	426	461	495	537	582	627	678	733	790	854	924	1000	1079	1165	1261	1359	1468	1583	1704	1841	1989	2150	2321	2505	2709	2925	3164	3411	3683	3982	4298	4645	5011	5414	5847	6307	6809	7352	7942	8575	9258	9998
6	6	7	7	7	8	8	8	8	9	11	11	12	14	16	18	19	21	22	23	24	25	27	30	31	35	38	41	44	48	51	53	58	62	64	71	77	85	94	99	106	116	127	135	147	158	170	184	203	216	233	252	269	292	316	339	366	393	426	461	494	538	582	627	678	732	791	854	925	1000	1079	1166	1261	1358	1468	1583	1704	1841	1990	2150	2320	2505	2709	2925	3164	3410	3681	3982	4298	4644	5011	5414	5849	6306	6809	7352	7941	8575	9257	9999
4	5	5	5	6	7	7	7	9	10	12	12	13	15	15	17	18	19	20	20	23	25	27	29	31	35	38	41	44	48	51	54	58	61	65	71	78	84	94	99	107	116	126	136	147	159	170	184	202	217	232	252	271	292	317	339	366	393	427	460	495	538	580	628	679	732	791	855	925	1001	1080	1167	1261	1358	1467	1584	1704	1842	1991	2150	2320	2506	2709	2926	3164	3409	3682	3982	4298	4644	5012	5413	5849	6307	6809	7352	7941	8575	9257	10000
4	5	5	5	6	7	9	10	10	10	13	13	13	14	15	15	17	17	20	22	24	26	27	28	29	34	38	41	44	49	51	54	58	62	66	70	79	85	93	97	108	116	125	136	147	158	171	185	202	216	233	252	271	292	318	340	368	393	426	460	494	537	580	628	678	733	792	855	926	1001	1081	1167	1260	1360	1467	1583	1705	1842	1991	2151	2320	2506	2708	2925	3163	3409	3682	3983	4298	4644	5011	5413	5849	6308	6809	7351	7938	8574	9257	10001
5	5	5	6	6	7	10	10	10	11	12	12	13	14	15	15	17	18	18	22	23	25	26	28	30	34	38	40	43	48	51	54	57	63	66	71	79	86	92	98	107	116	126	137	146	158	171	186	201	215	232	251	270	293	318	341	368	392	425	460	493	536	581	628	679	733	792	857	927	1000	1081	1167	1261	1360	1467	1583	1705	1842	1992	2151	2320	2505	2710	2926	3163	3410	3682	3983	4299	4643	5013	5413	5849	6309	6809	7352	7938	8575	9255	10001
4	5	6	7	7	8	9	9	10	10	11	12	13	13	13	16	16	18	19	21	23	25	25	28	31	33	38	39	43	46	50	54	59	63	66	70	79	86	93	98	107	117	126	136	148	158	171	187	200	215	233	252	271	292	319	341	367	391	426	460	493	536	580	629	678	733	793	857	927	1001	1081	1166	1261	1360	1466	1584	1706	1842	1991	2151	2319	2507	2710	2927	3162	3410	3683	3983	4298	4644	5014	5411	5849	6310	6808	7351	7939	8576	9256	10000
5	5	7	7	8	8	8	8	8	8	10	10	12	13	14	15	17	17	19	22	23	25	26	28	30	33	36	40	45	47	49	53	60	63	68	73	80	87	92	99	107	118	127	136	149	159	171	186	201	216	233	252	272	293	320	341	367	393	426	459	493	536	579	629	679	733	794	857	928	1002	1082	1167	1261	1359	1467	1583	1707	1843	1991	2151	2320	2507	2710	2926	3163	3409	3684	3982	4298	4643	5015	5412	5849	6309	6808	7351	7938	8577	9255	9999
5	5	6	6	7	8	8	9	9	9	10	11	11	13	14	15	16	18	20	22	23	25	27	29	31	32	36	40	45	48	50	55	59	65	69	74	81	87	92	99	108	119	127	137	149	160	171	187	201	216	232	253	272	293	320	342	367	394	426	459	494	535	578	628	679	734	794	857	927	1001	1083	1166	1261	1360	1467	1583	1706	1843	1991	2150	2319	2507	2711	2926	3164	3409	3684	3983	4297	4642	5014	5414	5849	6310	6808	7351	7937	8576	9254	9998
5	6	7	7	7	8	9	9	9	9	10	11	11	13	15	15	17	18	21	23	23	25	27	29	31	34	37	41	44	48	50	55	59	65	70	74	80	86	93	99	108	119	127	136	149	159	171	186	201	216	231	252	272	294	319	342	367	396	426	458	495	533	579	629	680	734	793	857	928	1001	1083	1165	1262	1360	1467	1583	1706	1844	1990	2150	2319	2508	2710	2927	3163	3410	3685	3983	4300	4642	5015	5415	5848	6309	6808	7351	7938	8577	9254	9998
6	6	6	7	7	9	9	9	10	10	11	13	13	13	15	15	17	18	20	22	23	26	28	30	32	34	36	41	44	47	51	56	61	64	70	74	81	87	93	100	107	118	126	137	148	158	172	187	201	216	231	251	272	293	318	342	366	396	426	458	495	534	579	629	680	734	793	858	928	1001	1082	1165	1262	1361	1467	1583	1705	1843	1991	2149	2319	2510	2711	2927	3164	3409	3685	3982	4300	4643	5014	5414	5848	6309	6809	7350	7938	8576	9257	9997
7	7	7	8	8	9	10	10	10	11	12	13	13	15	15	16	17	19	21	22	24	26	28	30	32	34	36	41	45	47	51	57	61	64	70	73	81	88	92	99	107	116	125	136	147	159	171	187	201	217	231	252	271	293	318	342	367	397	426	459	496	535	579	628	681	734	792	858	928	1001	1083	1165	1263	1360	1468	1583	1704	1843	1991	2151	2319	2510	2711	2927	3163	3409	3686	3982	4300	4642	5014	5414	5847	6309	6808	7351	7937	8577	9257	9997
7	7	7	8	8	9	10	11	11	12	12	13	14	15	16	17	17	18	20	21	23	27	29	30	32	34	37	40	45	47	51	57	61	66	70	74	80	87	93	100	107	117	125	135	147	160	172	187	201	216	232	251	272	292	318	342	367	397	426	459	496	535	579	629	681	733	792	858	928	1002	1083	1166	1263	1360	1467	1582	1703	1843	1991	2151	2319	2511	2712	2927	3162	3409	3687	3982	4300	4643	5014	5415	5847	6308	6810	7351	7937	8577	9256	9996
6	7	7	8	8	9	10	10	11	11	12	13	15	15	16	16	17	18	20	21	23	26	28	29	32	34	37	40	44	48	52	56	61	66	69	74	81	87	93	100	108	116	126	135	148	160	172	186	202	216	232	251	272	292	318	341	367	396	426	460	498	534	578	628	681	733	791	859	929	1002	1084	1167	1263	1360	1467	1582	1704	1844	1992	2151	2319	2511	2711	2928	3162	3408	3688	3983	4300	4643	5015	5415	5847	6308	6810	7351	7936	8577	9257	9997
7	7	7	7	7	9	9	10	10	11	12	13	14	15	16	17	17	19	20	22	24	27	28	30	34	35	38	40	45	48	51	56	60	65	70	75	80	86	92	100	108	116	127	135	147	162	173	188	201	217	232	251	273	293	317	341	366	396	425	459	498	536	579	628	681	733	792	859	928	1003	1083	1166	1261	1361	1468	1581	1704	1844	1992	2151	2318	2511	2710	2928	3163	3409	3688	3982	4301	4644	5015	5414	5846	6307	6809	7351	7937	8577	9257	9997
6	6	7	8	8	9	9	10	10	11	12	13	13	13	15	17	17	19	21	22	24	26	28	30	34	35	38	41	45	47	52	57	60	65	69	74	81	86	93	98	107	116	126	135	147	163	174	188	201	217	233	250	273	292	317	342	365	397	425	460	499	536	578	628	681	732	794	859	929	1004	1082	1167	1261	1362	1467	1581	1706	1845	1992	2149	2318	2512	2712	2929	3163	3408	3688	3982	4300	4644	5016	5414	5846	6307	6809	7351	7938	8576	9256	9997
5	6	7	7	7	8	9	9	9	11	11	13	13	14	16	18	18	19	21	23	25	26	28	31	34	36	39	41	46	48	52	56	60	65	69	75	80	86	93	98	105	115	125	135	147	162	173	187	202	216	234	251	273	292	317	342	364	397	426	459	498	535	578	628	681	732	795	860	929	1005	1084	1166	1261	1361	1466	1580	1706	1845	1992	2149	2320	2512	2713	2929	3163	3408	3689	3982	4301	4643	5015	5416	5846	6307	6809	7351	7937	8577	9255	9997
4	4	4	7	7	7	8	9	9	10	11	12	13	13	15	17	19	19	21	23	25	27	29	32	34	36	39	42	46	48	52	56	60	65	69	75	81	86	94	99	106	116	125	137	148	161	173	187	202	217	234	251	272	293	316	342	365	397	426	459	497	536	578	628	680	732	795	861	928	1004	1085	1166	1261	1362	1466	1581	1707	1846	1991	2149	2321	2512	2716	2929	3162	3410	3689	3983	4300	4643	5015	5416	5845	6306	6808	7350	7937	8576	9256	9995
5	5	6	6	6	6	8	8	9	10	12	12	13	14	14	16	18	20	21	23	25	27	30	32	33	35	40	41	45	48	52	56	60	65	69	74	81	87	93	99	106	115	124	137	148	162	174	187	202	217	234	251	272	293	316	342	367	396	426	459	497	535	578	627	681	733	796	861	929	1005	1084	1165	1261	1361	1467	1581	1707	1845	1990	2148	2321	2512	2716	2930	3162	3411	3689	3983	4300	4644	5015	5415	5844	6305	6808	7350	7936	8577	9256	9995
5	6	7	7	7	8	9	9	9	10	11	12	12	13	14	15	18	20	20	23	26	28	31	33	34	37	39	41	44	48	52	56	60	63	69	74	81	86	93	99	106	115	126	137	148	161	175	187	202	218	234	250	272	294	316	342	367	396	425	460	498	535	578	626	680	735	796	861	929	1004	1083	1165	1261	1361	1467	1581	1707	1845	1991	2147	2321	2513	2715	2931	3163	3411	3687	3982	4301	4645	5015	5416	5844	6306	6809	7350	7937	8577	9256	9995
6	6	7	7	7	8	9	10	10	11	11	12	13	14	15	16	18	20	21	23	26	28	31	32	35	37	38	41	43	48	52	56	60	64	70	76	81	85	93	98	106	116	126	137	149	161	174	187	202	217	236	253	273	293	315	342	368	396	424	459	499	535	578	625	680	735	796	859	930	1003	1084	1167	1262	1361	1466	1581	1707	1846	1991	2148	2322	2514	2715	2930	3163	3411	3688	3983	4302	4646	5014	5415	5845	6305	6808	7351	7938	8577	9258	9995
5	5	6	7	8	8	8	10	11	11	12	12	13	14	15	17	18	21	22	23	26	28	30	32	34	36	38	42	44	48	51	55	59	63	70	76	82	85	92	99	107	115	125	137	148	160	173	187	203	218	236	254	274	294	316	341	368	394	424	460	499	536	580	626	680	737	796	860	929	1003	1084	1168	1261	1360	1466	1582	1707	1847	1992	2147	2324	2514	2716	2931	3163	3412	3688	3982	4301	4646	5015	5416	5845	6305	6808	7351	7938	8576	9258	9994
5	6	6	8	8	9	9	11	11	12	12	12	14	15	15	16	19	21	22	24	25	27	29	32	34	37	39	41	44	47	52	54	59	64	70	76	81	86	92	99	107	115	126	137	148	160	173	187	202	218	236	254	275	295	315	341	369	394	426	461	500	536	580	628	679	737	796	860	930	1004	1084	1167	1262	1360	1466	1582	1706	1846	1992	2148	2325	2514	2716	2931	3163	3412	3688	3983	4300	4646	5014	5416	5845	6305	6808	7351	7938	8576	9257	9993
6	7	7	7	8	8	9	10	11	11	11	13	14	15	16	17	18	20	21	23	25	27	29	31	34	37	39	41	45	47	51	55	59	63	70	75	81	85	92	99	108	115	126	137	147	159	172	188	202	218	235	253	274	295	316	340	369	393	426	460	499	537	580	628	679	738	797	859	930	1003	1085	1166	1261	1359	1466	1582	1706	1845	1991	2147	2326	2514	2716	2932	3163	3411	3688	3983	4299	4645	5014	5415	5845	6304	6807	7349	7935	8576	9258	9994
6	6	6	6	7	7	8	9	10	11	12	13	15	15	16	18	18	19	21	24	26	27	29	30	33	37	40	42	44	47	50	55	59	65	70	74	81	87	93	100	109	116	126	136	148	159	173	187	202	217	235	254	275	296	316	340	368	394	426	460	500	536	580	630	678	737	797	858	931	1003	1084	1166	1261	1359	1466	1581	1707	1847	1991	2149	2327	2514	2715	2931	3164	3410	3687	3983	4300	4646	5014	5416	5844	6304	6806	7349	7934	8575	9259	9993
6	6	6	6	6	7	8	9	11	11	12	14	14	15	17	18	18	20	23	25	25	27	29	31	33	37	40	42	45	47	51	55	59	65	68	75	81	87	93	99	109	116	126	135	147	159	172	187	201	217	234	255	275	296	317	339	367	395	426	461	501	536	580	630	679	736	796	858	930	1003	1085	1166	1261	1359	1465	1580	1708	1847	1991	2151	2326	2515	2715	2931	3163	3410	3686	3982	4299	4645	5014	5415	5845	6304	6807	7348	7934	8574	9259	9994
5	5	6	6	7	8	8	8	10	11	12	13	13	15	16	17	19	21	23	25	25	26	29	30	32	37	40	42	44	47	51	55	60	64	68	75	81	88	93	99	109	116	125	135	145	158	172	187	200	217	234	255	274	295	316	340	367	396	426	461	502	537	580	630	680	734	796	858	930	1002	1085	1166	1261	1360	1464	1581	1709	1847	1990	2151	2326	2515	2715	2931	3163	3410	3687	3981	4298	4645	5014	5414	5845	6305	6807	7347	7934	8574	9259	9995
5	5	6	6	7	7	7	9	9	9	12	13	14	15	16	18	19	21	22	24	24	25	29	31	32	37	40	42	45	47	51	55	59	64	68	75	82	87	93	100	109	117	126	134	144	158	172	187	200	217	234	254	272	294	315	340	366	396	426	462	501	538	580	629	681	734	797	858	931	1001	1084	1166	1261	1359	1464	1583	1709	1848	1991	2150	2325	2515	2715	2932	3161	3410	3687	3981	4297	4644	5013	5413	5844	6305	6807	7348	7933	8574	9259	9994
5	6	6	7	7	7	7	8	10	10	11	12	14	15	16	17	19	21	22	23	24	26	28	30	33	37	39	42	44	47	51	55	59	63	68	76	81	86	92	101	108	117	125	135	145	159	172	186	200	217	235	254	273	294	315	340	367	397	425	462	500	538	580	628	682	735	797	859	931	1000	1084	1166	1260	1359	1464	1584	1708	1848	1992	2152	2326	2514	2715	2932	3159	3409	3687	3980	4297	4644	5013	5414	5843	6304	6808	7348	7932	8574	9259	9994
5	6	6	6	6	8	8	9	9	10	10	12	13	15	15	17	18	20	21	23	23	25	28	29	33	36	39	42	43	47	51	55	59	63	69	76	81	86	92	100	108	117	124	134	144	160	172	185	200	217	236	254	272	293	315	341	366	397	426	462	500	539	580	629	681	736	797	859	931	1001	1085	1166	1260	1357	1465	1585	1708	1847	1993	2153	2325	2515	2715	2931	3161	3409	3687	3980	4296	4644	5014	5414	5843	6303	6808	7348	7932	8575	9259	9993
5	5	5	6	7	7	7	9	9	10	10	12	12	14	14	16	18	20	20	22	24	24	27	30	33	36	38	41	45	48	50	56	59	63	69	76	81	86	92	100	109	118	125	135	147	161	173	186	200	216	236	254	271	293	315	341	368	397	426	462	500	539	579	629	681	736	796	860	931	1001	1085	1166	1259	1356	1466	1585	1709	1847	1993	2154	2325	2515	2715	2931	3162	3410	3687	3979	4297	4643	5014	5415	5842	6304	6808	7348	7935	8575	9258	9994
5	5	5	6	6	6	7	8	9	9	10	10	10	10	12	15	15	17	20	21	23	25	27	29	32	36	37	41	45	48	51	55	59	62	69	75	81	86	93	101	108	117	126	135	148	160	173	186	201	217	236	254	272	294	315	341	368	397	426	462	501	539	580	630	681	737	796	859	929	1001	1084	1166	1261	1356	1466	1585	1711	1849	1995	2155	2325	2516	2716	2932	3161	3409	3686	3979	4297	4643	5014	5416	5841	6303	6808	7348	7936	8574	9259	9996
3	4	4	4	6	6	7	8	9	9	10	10	10	11	12	14	14	16	19	21	24	25	25	30	31	35	38	42	44	48	51	55	61	63	70	75	80	87	94	101	109	117	127	135	148	159	173	186	200	216	236	253	271	293	314	341	367	396	426	462	501	540	580	630	680	737	796	860	929	1000	1084	1165	1261	1355	1466	1585	1712	1850	1996	2155	2325	2516	2715	2933	3161	3410	3685	3978	4298	4644	5014	5415	5842	6301	6809	7348	7936	8575	9258	9997
4	4	4	5	6	6	6	8	8	9	10	10	11	11	13	14	15	16	18	21	23	25	26	29	31	34	39	43	45	48	51	55	61	63	69	74	80	87	94	100	108	116	127	138	147	159	173	187	201	215	235	252	270	293	313	340	367	396	426	462	501	539	581	630	679	737	797	861	929	1002	1084	1166	1260	1356	1467	1585	1712	1850	1997	2155	2326	2516	2714	2933	3161	3410	3684	3977	4299	4645	5013	5414	5842	6301	6808	7348	7937	8576	9260	9996
3	3	3	4	5	6	7	7	8	8	9	10	11	12	14	15	16	17	18	20	22	25	26	29	30	34	39	42	45	47	52	55	60	63	69	74	80	87	93	100	108	115	127	138	148	159	173	186	200	215	235	251	271	292	313	340	367	396	426	462	500	541	582	630	680	736	797	860	929	1002	1084	1166	1261	1357	1467	1584	1713	1849	1997	2155	2325	2516	2714	2933	3161	3410	3685	3977	4299	4645	5014	5414	5841	6302	6807	7348	7937	8577	9263	9996
4	4	4	4	5	6	6	6	6	8	9	10	12	13	14	15	16	17	19	20	22	25	25	28	30	34	38	42	44	47	51	55	60	63	68	75	80	87	93	100	108	115	126	138	147	158	172	186	199	215	235	252	271	292	312	341	366	396	426	462	502	541	582	630	679	735	797	860	929	1003	1083	1167	1261	1358	1467	1585	1713	1850	1998	2155	2326	2517	2717	2933	3161	3411	3686	3976	4299	4648	5013	5414	5841	6303	6807	7348	7936	8576	9263	9994
3	3	4	5	6	7	7	7	7	8	9	10	12	13	14	15	16	18	19	20	22	24	26	28	30	33	37	41	43	47	51	55	59	63	67	74	81	87	94	100	108	115	125	137	146	158	172	186	200	215	235	253	272	292	313	341	367	395	427	462	502	542	583	630	680	735	797	859	929	1002	1083	1168	1260	1357	1468	1585	1713	1851	1997	2155	2327	2517	2718	2933	3161	3412	3686	3976	4299	4648	5013	5413	5840	6303	6807	7348	7935	8576	9263	9995
4	6	6	7	7	7	7	9	10	10	10	11	12	14	15	15	16	17	18	20	22	23	25	28	31	33	36	38	43	47	50	55	57	63	69	74	81	87	93	101	107	115	125	136	147	158	171	185	199	215	234	252	271	291	314	341	366	396	428	461	501	542	585	632	680	735	797	860	930	1001	1083	1168	1260	1359	1469	1585	1714	1852	1997	2155	2328	2516	2718	2932	3161	3411	3687	3976	4300	4648	5014	5413	5840	6302	6806	7347	7935	8576	9263	9995
6	7	7	7	7	8	8	9	10	11	11	11	11	13	15	15	15	17	18	20	22	23	25	28	31	33	36	38	42	46	50	54	58	63	69	74	80	87	94	101	107	115	127	137	146	158	172	184	199	215	234	253	270	290	313	341	366	397	429	461	500	542	585	633	681	736	797	860	930	1001	1083	1168	1259	1361	1470	1585	1713	1851	1998	2155	2327	2515	2718	2933	3160	3411	3687	3977	4300	4648	5014	5412	5839	6303	6807	7348	7935	8575	9264	9995
7	7	7	7	8	8	8	10	10	10	10	11	11	12	14	14	16	16	18	21	22	24	24	29	32	32	36	39	42	45	48	53	57	63	68	74	80	86	93	101	107	116	127	137	147	159	171	184	199	215	233	253	270	291	314	340	366	396	429	461	501	543	586	633	683	737	797	860	930	1001	1083	1168	1259	1361	1469	1584	1713	1852	1999	2154	2328	2515	2718	2932	3159	3411	3687	3977	4300	4647	5014	5412	5840	6303	6807	7349	7935	8576	9264	9995
6	6	6	7	8	8	9	9	9	9	10	11	12	13	14	15	15	16	18	20	22	24	26	28	31	33	37	39	42	46	48	52	58	63	69	73	80	86	93	99	106	115	127	137	147	158	170	184	200	214	232	252	270	293	315	340	365	396	429	461	501	542	586	633	683	737	797	860	929	1001	1082	1168	1260	1361	1468	1585	1715	1852	1999	2155	2329	2515	2719	2932	3160	3411	3686	3976	4299	4646	5014	5411	5840	6303	6806	7351	7934	8576	9263	9997
5	5	5	6	7	8	8	8	10	10	10	10	11	13	14	15	15	17	18	19	22	24	26	30	30	34	37	38	42	47	49	51	57	62	69	72	80	85	93	99	108	116	126	136	146	157	169	184	200	215	231	252	271	293	314	339	365	397	429	462	502	542	586	633	682	738	796	861	928	1001	1082	1169	1259	1361	1467	1584	1716	1854	1999	2155	2329	2514	2719	2931	3160	3411	3686	3975	4299	4645	5015	5411	5840	6304	6807	7352	7936	8577	9263	9998
4	4	5	5	5	5	7	7	9	10	10	10	11	12	13	14	15	17	18	21	23	25	27	31	32	35	36	40	42	47	49	52	58	62	68	73	80	85	93	99	108	116	126	136	147	157	170	185	200	214	229	251	271	293	315	338	365	397	429	462	501	541	587	632	682	737	796	861	927	1002	1082	1169	1259	1361	1468	1585	1715	1854	1998	2155	2328	2513	2719	2931	3160	3413	3686	3976	4298	4643	5016	5410	5840	6303	6806	7352	7936	8577	9262	9998
4	5	5	5	6	6	6	8	8	9	10	11	11	12	13	14	15	17	19	21	23	25	27	30	32	35	37	40	42	46	50	52	57	62	69	72	77	83	93	100	107	116	124	135	148	157	170	184	200	214	230	251	272	293	314	338	365	397	428	462	500	541	587	631	682	737	796	861	926	1002	1081	1169	1259	1360	1469	1585	1715	1854	1999	2154	2329	2512	2719	2932	3161	3413	3685	3975	4297	4644	5017	5410	5839	6304	6806	7352	7937	8576	9261	9997
4	4	5	5	5	5	6	7	9	9	10	11	12	12	12	13	16	18	19	21	23	24	26	29	32	34	38	39	43	46	51	53	57	61	68	73	77	84	91	100	106	115	124	136	148	157	171	185	198	215	231	252	271	294	313	338	366	397	430	463	499	542	586	629	681	738	797	860	925	1002	1082	1168	1260	1360	1468	1586	1715	1854	1998	2154	2329	2512	2719	2933	3161	3414	3684	3974	4297	4644	5016	5411	5837	6303	6807	7353	7937	8577	9262	9997
3	3	4	4	5	6	6	7	8	8	11	11	12	12	12	13	15	18	19	21	23	24	26	28	31	33	37	38	44	45	50	52	55	59	68	72	76	84	92	99	107	116	124	136	148	156	171	185	199	214	231	251	271	294	315	338	367	398	430	462	501	543	587	629	681	738	797	859	926	1002	1082	1168	1260	1359	1468	1587	1715	1854	1999	2154	2329	2511	2719	2932	3161	3415	3683	3975	4298	4645	5016	5411	5837	6303	6807	7354	7937	8576	9263	9998
4	4	5	5	5	5	6	7	8	8	10	10	12	13	13	13	16	18	20	21	22	24	26	27	31	32	36	37	43	46	49	51	55	60	66	71	76	84	92	99	108	116	124	136	149	158	170	185	199	214	231	250	272	293	316	338	367	398	430	462	502	543	586	628	681	737	796	858	927	1001	1082	1168	1261	1359	1468	1588	1716	1854	2000	2156	2329	2513	2718	2932	3160	3414	3682	3976	4298	4644	5016	5410	5837	6303	6807	7354	7937	8575	9263	9999
4	5	5	5	6	6	6	7	7	8	10	10	12	14	14	14	16	18	20	21	23	25	26	28	31	32	36	38	42	46	50	51	56	62	66	71	76	84	93	99	108	116	124	136	148	158	170	186	199	214	231	250	273	293	315	338	368	399	429	464	503	545	587	629	679	738	795	858	927	1001	1082	1169	1260	1358	1468	1588	1715	1854	1999	2156	2330	2514	2718	2933	3161	3415	3682	3976	4298	4644	5015	5410	5837	6303	6808	7354	7937	8576	9263	9999
5	5	5	6	6	6	6	7	8	9	9	11	12	13	14	15	16	18	20	21	23	24	25	29	31	32	35	39	41	46	49	53	58	62	66	72	78	84	93	99	107	115	124	136	147	158	169	186	198	215	231	250	272	293	316	338	367	399	431	464	505	545	587	630	680	738	795	857	927	1001	1082	1169	1260	1359	1467	1588	1715	1854	1999	2156	2330	2513	2718	2932	3161	3414	3681	3976	4298	4644	5015	5409	5835	6302	6809	7354	7936	8575	9263	9999
4	4	5	6	6	6	7	7	7	8	10	10	11	13	13	15	16	17	19	21	22	23	25	30	32	33	35	39	43	46	50	54	58	61	66	72	78	85	93	100	108	116	123	134	148	158	170	185	199	214	233	250	272	292	317	338	367	400	431	464	505	545	586	630	680	739	795	857	926	1000	1082	1169	1260	1360	1467	1588	1716	1854	2000	2157	2331	2514	2717	2932	3166	3415	3682	3976	4299	4645	5016	5408	5835	6302	6809	7354	7935	8575	9261	10001
3	4	5	5	5	6	7	7	7	9	9	9	11	12	12	15	16	16	18	21	21	23	25	29	32	34	35	39	43	45	50	54	58	62	66	73	77	86	93	100	107	116	123	134	148	158	170	185	198	214	233	249	272	292	317	339	367	400	431	465	504	544	585	629	681	739	795	857	926	999	1082	1169	1260	1360	1467	1587	1716	1854	2001	2156	2332	2515	2717	2934	3167	3415	3683	3978	4299	4645	5015	5409	5836	6305	6809	7355	7936	8576	9261	10001
3	4	5	5	5	5	7	8	9	10	10	10	12	12	13	15	16	17	19	20	21	23	25	28	32	33	36	38	42	46	50	56	59	63	67	73	79	86	94	100	108	115	124	133	147	158	169	184	198	214	232	251	272	292	317	339	368	399	432	465	504	544	585	630	681	739	794	856	925	998	1082	1168	1260	1361	1468	1589	1716	1855	2001	2156	2331	2515	2717	2934	3166	3415	3684	3978	4299	4645	5015	5411	5835	6305	6809	7354	7936	8577	9262	10001
4	5	5	5	6	6	7	8	9	11	11	11	12	13	14	14	16	17	18	20	21	23	25	28	32	34	37	41	42	46	52	56	59	64	68	73	79	87	94	99	107	114	125	134	147	158	170	185	195	213	232	251	272	292	317	341	368	399	431	464	504	544	585	632	682	739	794	857	926	999	1081	1167	1259	1361	1467	1590	1716	1854	2002	2156	2330	2515	2716	2934	3167	3416	3683	3978	4299	4645	5015	5411	5837	6305	6808	7356	7938	8578	9262	10001
5	5	6	6	6	7	8	8	9	10	11	12	12	13	14	16	17	18	18	20	21	23	26	28	31	34	37	41	44	48	52	56	60	65	69	73	80	87	94	100	108	115	125	134	147	157	169	184	196	213	231	251	271	293	317	342	368	400	432	465	504	544	585	632	682	739	794	859	926	999	1080	1168	1259	1362	1468	1590	1717	1854	2002	2157	2331	2515	2716	2934	3166	3416	3684	3977	4298	4644	5015	5411	5838	6306	6809	7356	7940	8578	9262	10000
5	6	7	7	7	7	7	8	9	9	10	11	12	13	15	17	17	18	20	21	22	23	25	28	30	34	37	40	45	49	52	57	60	65	70	74	80	88	94	101	108	116	125	134	147	158	170	183	197	213	231	251	269	294	318	344	370	401	432	465	504	543	584	633	682	739	794	859	927	999	1080	1167	1260	1363	1469	1590	1716	1855	2001	2157	2331	2515	2716	2933	3166	3416	3684	3978	4298	4644	5015	5410	5837	6306	6808	7356	7940	8577	9262	10000
5	6	6	6	7	7	7	8	8	8	10	11	11	13	15	17	17	18	21	22	23	25	26	29	31	34	36	41	45	50	53	57	61	65	70	75	81	88	94	100	107	116	125	135	146	159	170	183	196	212	230	250	271	293	318	346	370	401	432	464	503	542	584	633	681	738	795	860	927	1000	1078	1166	1259	1364	1468	1591	1715	1855	2002	2157	2331	2516	2718	2933	3168	3416	3684	3978	4298	4644	5015	5411	5837	6305	6809	7355	7940	8578	9263	10001
5	5	5	5	6	6	7	7	8	8	10	11	12	14	15	17	17	19	20	22	23	26	28	30	31	35	37	40	45	50	54	57	61	64	70	76	82	87	94	101	108	116	124	136	147	158	171	183	195	212	228	250	271	293	319	346	370	400	432	465	502	544	583	633	683	737	796	859	927	1000	1079	1167	1259	1365	1470	1590	1715	1854	2002	2157	2330	2515	2718	2932	3168	3416	3684	3978	4297	4644	5015	5410	5837	6305	6808	7354	7939	8579	9264	10001
5	5	5	6	6	7	7	8	8	9	10	11	11	14	16	16	18	19	21	22	24	26	28	31	32	35	38	41	44	50	53	58	61	64	71	76	81	87	93	101	107	115	124	136	148	158	172	184	196	212	227	249	271	292	319	345	371	400	432	466	502	544	584	634	683	737	796	859	927	1000	1080	1168	1259	1364	1471	1590	1716	1855	2003	2156	2330	2515	2718	2933	3167	3416	3683	3977	4297	4643	5016	5410	5837	6305	6810	7355	7939	8579	9264	10002
5	5	6	6	6	6	7	8	9	9	10	10	12	13	16	17	18	20	20	23	25	27	29	32	34	36	38	41	45	49	53	57	61	64	71	76	81	87	94	101	107	115	123	137	147	158	171	184	197	211	226	248	272	294	319	345	371	401	433	466	502	543	585	634	682	737	796	858	927	1000	1079	1168	1259	1366	1470	1591	1716	1855	2002	2157	2329	2514	2718	2933	3167	3417	3683	3978	4297	4644	5015	5410	5837	6304	6811	7355	7939	8579	9265	10002
5	5	6	6	8	8	9	9	9	9	10	10	12	14	16	18	18	20	21	23	25	28	29	31	34	37	40	42	46	49	54	58	60	66	72	75	83	88	94	101	108	115	125	137	147	158	171	184	196	211	227	248	273	295	318	344	371	401	434	467	501	544	585	633	682	737	795	857	927	1001	1079	1168	1259	1367	1470	1591	1716	1855	2001	2157	2330	2515	2717	2932	3166	3417	3682	3979	4296	4643	5015	5410	5837	6304	6810	7354	7939	8578	9265	10002
5	6	6	6	8	8	9	10	11	11	11	11	12	13	16	17	18	20	22	23	26	28	29	32	34	38	40	43	45	49	54	57	60	67	72	76	83	89	94	101	108	116	125	137	146	157	171	185	196	211	228	246	272	295	317	344	370	402	434	467	501	543	586	633	681	736	796	857	926	1002	1080	1168	1259	1367	1470	1591	1717	1854	1999	2157	2331	2515	2715	2931	3166	3417	3682	3979	4297	4642	5015	5409	5837	6305	6810	7355	7940	8578	9266	10002
6	7	7	7	8	9	9	9	11	11	11	12	12	13	15	15	18	20	22	23	26	27	29	31	34	37	40	43	44	49	54	56	60	66	73	77	84	89	93	101	108	116	126	137	145	157	171	185	196	211	228	247	271	295	317	344	370	402	435	466	501	543	586	633	680	736	795	857	926	1001	1080	1167	1259	1366	1471	1591	1717	1854	1999	2158	2331	2514	2715	2931	3167	3417	3682	3980	4298	4642	5015	5406	5837	6305	6810	7355	7939	8577	9265	10003
6	6	7	8	8	8	9	9	11	12	12	12	13	14	16	17	20	21	22	24	26	26	28	31	34	38	41	43	44	49	54	56	59	66	72	77	83	88	92	101	109	116	127	136	145	157	171	185	196	210	228	247	270	294	318	344	369	403	436	465	502	543	586	633	680	737	795	858	926	1001	1080	1167	1260	1366	1470	1592	1717	1853	1999	2157	2332	2513	2715	2931	3167	3418	3681	3979	4298	4641	5014	5405	5837	6306	6810	7355	7939	8577	9266	10004
7	7	7	7	9	9	9	9	10	11	12	13	13	15	17	18	20	21	22	23	25	27	28	31	35	37	40	43	45	49	53	56	59	66	72	76	83	87	93	102	110	118	127	136	146	156	171	184	197	208	228	248	270	294	317	344	369	404	436	466	503	543	586	633	680	737	795	858	927	1001	1080	1167	1260	1366	1472	1592	1717	1853	1999	2158	2332	2514	2714	2930	3167	3418	3681	3980	4298	4640	5013	5405	5837	6305	6810	7354	7938	8575	9265	10005
6	6	6	7	8	9	9	9	10	10	12	13	13	15	16	18	20	22	22	23	24	26	29	31	34	36	39	43	44	47	52	55	60	65	71	77	82	87	93	102	110	119	127	136	147	156	171	184	196	208	228	248	272	294	317	343	369	404	435	466	503	544	586	633	679	738	797	858	926	1000	1080	1169	1261	1365	1472	1592	1717	1853	1999	2158	2332	2514	2714	2930	3166	3418	3682	3980	4298	4639	5010	5403	5837	6305	6809	7354	7938	8575	9264	10006
5	5	6	6	8	8	8	9	10	11	12	13	14	15	16	17	19	21	21	22	24	27	29	30	33	35	39	40	43	47	53	55	60	65	70	76	81	87	94	102	110	119	127	137	147	157	170	185	195	209	230	249	272	294	316	343	368	403	434	467	503	545	586	633	681	739	797	859	925	1001	1080	1169	1262	1366	1473	1594	1717	1852	1999	2158	2332	2514	2714	2929	3166	3419	3683	3981	4298	4639	5011	5403	5837	6304	6809	7353	7938	8575	9264	10006
4	5	5	6	7	7	8	9	10	11	12	14	15	15	16	17	18	20	21	22	25	27	28	30	32	35	38	40	44	47	52	55	59	65	70	76	81	85	93	102	110	119	128	137	147	157	170	186	196	210	230	249	272	295	317	343	369	402	434	466	504	544	586	633	682	739	798	859	925	1001	1080	1170	1262	1366	1473	1594	1718	1852	2000	2158	2332	2515	2713	2930	3164	3418	3683	3981	4299	4640	5011	5404	5838	6305	6809	7353	7939	8575	9264	10005
3	4	4	6	6	6	6	8	9	10	12	13	14	15	15	15	18	19	22	22	25	27	28	30	32	34	38	40	43	48	51	54	59	65	69	75	81	86	92	101	111	119	128	137	146	157	170	185	195	213	230	252	273	296	317	343	368	402	434	467	503	544	587	632	681	739	797	858	926	1002	1080	1169	1262	1365	1473	1594	1718	1852	2001	2159	2332	2514	2714	2930	3165	3418	3683	3981	4299	4640	5011	5405	5839	6306	6809	7352	7940	8574	9263	10004
3	3	5	5	6	6	8	8	9	10	12	13	13	13	15	16	18	19	21	22	24	25	26	30	32	33	37	38	42	47	50	55	59	64	70	75	81	86	91	100	110	120	128	137	147	156	170	185	199	215	232	252	274	297	318	343	368	402	433	468	504	543	587	633	684	739	797	858	926	1001	1081	1169	1263	1365	1473	1593	1718	1852	2001	2160	2332	2516	2714	2931	3166	3418	3683	3979	4299	4639	5010	5405	5838	6306	6809	7352	7939	8574	9264	10007
4	4	5	5	5	7	8	8	8	10	10	10	10	10	14	16	18	18	20	22	24	24	26	27	31	32	35	38	42	46	50	55	59	63	69	74	80	85	91	101	110	120	128	137	146	157	170	185	199	216	234	252	274	296	318	343	367	401	434	467	505	544	588	633	685	738	797	860	927	1000	1080	1170	1263	1365	1473	1594	1718	1851	2001	2159	2334	2516	2714	2931	3167	3417	3684	3979	4300	4639	5010	5405	5838	6306	6809	7353	7939	8575	9263	10008
4	4	4	4	5	6	7	8	9	9	9	9	10	11	13	15	17	17	20	21	23	24	26	28	29	32	35	38	40	45	51	55	58	64	68	73	79	85	92	100	109	120	128	138	147	156	169	184	199	218	235	253	275	296	318	343	369	402	435	467	504	545	589	633	684	740	796	861	926	1002	1079	1170	1263	1365	1473	1593	1717	1850	2001	2158	2334	2515	2714	2932	3166	3417	3684	3980	4299	4639	5009	5405	5838	6305	6810	7353	7939	8575	9263	10009
5	5	5	6	6	7	7	8	9	9	9	9	10	11	13	14	16	17	19	21	22	23	27	27	29	31	34	37	40	45	50	54	57	63	68	72	79	85	92	100	108	119	128	139	147	157	170	185	199	218	236	253	276	296	319	343	372	403	435	469	505	544	588	634	685	740	797	863	925	1002	1079	1170	1263	1364	1473	1593	1717	1850	2000	2159	2335	2515	2714	2932	3165	3417	3684	3980	4299	4639	5010	5405	5839	6305	6810	7354	7939	8575	9262	10008
5	5	5	6	7	7	7	8	9	10	10	10	11	12	12	13	14	16	17	20	22	23	26	28	29	31	33	37	40	44	49	53	58	63	67	73	78	84	92	101	108	118	128	138	147	159	170	185	200	218	236	255	275	298	320	344	372	403	435	469	505	544	589	634	684	739	797	863	925	1002	1079	1169	1264	1363	1474	1593	1717	1849	2000	2158	2335	2516	2713	2931	3166	3417	3685	3981	4297	4639	5010	5406	5839	6304	6811	7353	7939	8575	9263	10008
4	5	5	7	7	7	8	8	9	10	11	11	11	12	13	14	14	16	17	20	21	23	25	27	29	31	34	38	41	46	50	53	58	63	66	73	78	84	91	100	108	117	127	139	147	160	170	184	199	219	235	255	276	298	319	344	373	402	435	468	504	544	589	635	684	741	798	864	924	1001	1078	1169	1263	1364	1474	1593	1717	1849	1999	2157	2334	2517	2712	2931	3165	3417	3685	3981	4296	4639	5009	5406	5838	6305	6811	7353	7939	8575	9262	10008
5	5	5	6	6	7	7	9	9	9	10	11	11	11	13	14	16	17	18	19	21	24	25	26	29	32	34	39	41	46	50	54	59	64	68	74	79	85	91	101	108	118	126	139	147	159	171	184	199	219	236	255	276	299	320	344	375	403	434	468	504	544	589	635	685	741	798	864	925	1002	1078	1169	1264	1364	1474	1595	1718	1848	1999	2157	2334	2517	2713	2931	3165	3417	3686	3982	4296	4639	5010	5407	5838	6305	6810	7353	7939	8575	9261	10008
5	5	5	6	6	7	8	8	8	9	10	11	11	12	13	15	16	17	19	19	21	23	25	27	30	33	34	38	41	47	51	54	59	64	68	74	80	84	91	102	107	117	126	138	147	159	170	184	199	220	237	255	276	298	320	343	375	402	434	469	504	544	589	634	685	740	798	864	927	1002	1078	1170	1264	1364	1475	1595	1717	1848	1999	2158	2334	2517	2712	2930	3165	3416	3685	3982	4295	4639	5009	5407	5838	6305	6809	7353	7938	8574	9261	10008
5	6	6	6	6	7	7	8	8	9	9	9	12	12	13	16	16	18	18	18	22	23	24	28	30	32	34	38	42	47	50	55	60	64	70	74	80	86	93	103	108	117	125	137	147	159	171	184	202	220	236	255	274	298	319	345	374	402	433	468	505	544	588	634	686	740	798	863	929	1001	1080	1169	1264	1364	1476	1595	1717	1848	1999	2159	2335	2517	2713	2931	3165	3417	3685	3982	4295	4639	5010	5408	5838	6304	6808	7352	7939	8574	9261	10008
5	5	5	5	6	7	7	7	8	8	9	10	12	13	14	16	17	17	17	19	22	23	25	27	30	32	35	38	42	46	49	54	59	65	70	74	80	87	94	102	108	117	125	137	147	159	170	184	202	221	236	255	276	298	319	345	374	402	433	468	504	543	587	633	685	739	797	863	930	1002	1081	1168	1264	1364	1477	1595	1717	1847	1999	2158	2334	2517	2712	2930	3164	3416	3685	3982	4295	4638	5009	5407	5838	6305	6808	7352	7939	8574	9262	10007
5	5	6	6	6	6	6	7	7	7	9	10	13	13	14	16	16	17	17	19	21	22	25	28	31	32	35	38	43	47	49	54	59	65	70	74	80	86	94	102	108	116	125	136	146	158	171	184	203	220	236	255	277	296	320	345	374	403	433	468	504	544	588	633	685	738	798	863	931	1002	1083	1168	1263	1365	1476	1596	1716	1847	1998	2157	2334	2516	2712	2930	3163	3416	3686	3983	4295	4637	5009	5407	5839	6306	6808	7353	7939	8575	9261	10007
5	5	5	5	6	6	7	7	7	8	10	11	12	14	16	16	16	18	18	19	20	23	26	28	30	33	36	38	43	46	49	54	59	65	70	75	80	86	93	102	107	117	125	136	145	158	170	184	202	220	236	256	276	297	319	345	375	402	432	468	504	543	588	632	685	738	798	861	931	1003	1084	1169	1264	1364	1476	1595	1716	1849	1998	2158	2333	2516	2712	2930	3163	3416	3686	3983	4296	4638	5009	5406	5838	6306	6808	7353	7939	8577	9262	10006
5	5	5	5	5	8	9	9	10	10	10	11	13	13	16	16	17	18	18	20	20	23	25	28	29	32	37	39	43	46	50	54	60	65	69	75	81	86	94	101	107	117	125	135	147	159	171	183	201	219	237	256	277	297	319	347	374	402	432	467	504	544	587	632	685	738	798	861	931	1003	1084	1169	1265	1365	1477	1595	1717	1850	1998	2157	2333	2517	2713	2929	3163	3415	3687	3984	4295	4638	5009	5407	5839	6307	6809	7353	7940	8577	9261	10003
4	4	4	5	7	8	9	10	10	10	10	12	12	14	15	16	17	18	19	19	22	23	26	28	30	33	36	38	42	46	50	54	59	64	69	75	81	86	94	101	107	116	124	135	147	158	170	185	201	219	237	256	278	296	319	348	375	403	432	467	503	545	588	632	685	737	798	860	931	1003	1085	1169	1264	1365	1476	1594	1717	1851	1998	2158	2333	2517	2713	2928	3163	3415	3689	3983	4295	4639	5009	5406	5839	6306	6809	7352	7940	8577	9258	10003
3	3	4	6	8	8	8	9	10	10	10	11	12	13	15	16	18	18	19	20	22	24	25	27	30	33	36	39	42	47	50	53	58	64	68	75	81	87	93	100	106	116	125	135	146	158	169	186	201	218	237	257	277	296	319	347	374	402	431	468	502	545	588	632	686	738	797	861	930	1004	1084	1169	1265	1365	1476	1594	1717	1851	1998	2158	2333	2517	2714	2930	3163	3415	3689	3983	4296	4639	5008	5407	5840	6307	6809	7352	7941	8577	9259	10003
4	4	5	5	7	7	7	8	9	9	10	11	12	13	15	16	17	19	19	21	22	24	26	28	30	33	36	40	41	47	50	53	59	64	69	75	79	87	93	100	105	115	124	136	146	158	170	185	201	219	237	257	277	296	319	347	374	402	432	467	503	546	588	633	686	738	796	860	930	1005	1083	1169	1265	1365	1477	1592	1716	1851	1998	2159	2333	2516	2714	2930	3163	3416	3689	3983	4296	4639	5008	5407	5840	6308	6809	7353	7941	8578	9259	10003
5	5	5	6	7	7	7	8	9	9	10	12	12	14	14	15	18	18	20	21	23	24	26	27	29	33	36	39	42	46	51	53	60	64	68	74	80	87	92	99	105	115	123	135	146	159	171	184	201	219	237	256	276	295	319	347	373	400	431	466	503	545	588	633	686	738	797	861	930	1004	1082	1169	1264	1365	1476	1591	1717	1850	1998	2159	2333	2517	2715	2929	3164	3415	3688	3982	4296	4638	5008	5408	5841	6307	6809	7352	7941	8578	9258	10002
5	5	5	6	6	7	7	8	9	9	10	11	13	14	14	15	17	18	20	21	23	25	26	31	33	34	36	39	42	47	50	53	59	63	68	74	79	87	93	98	104	116	124	135	145	158	172	184	201	218	237	256	273	294	319	347	374	400	431	467	504	544	589	633	686	737	797	860	932	1003	1084	1170	1263	1365	1477	1590	1716	1850	1998	2158	2332	2516	2714	2929	3165	3415	3689	3982	4296	4637	5008	5409	5841	6306	6808	7354	7941	8578	9259	10002
4	5	6	6	6	7	8	8	8	10	10	12	12	14	14	15	17	18	21	22	24	25	30	32	33	34	36	40	42	47	50	55	58	64	68	74	79	87	92	99	105	116	124	135	146	158	173	184	200	217	237	256	274	294	318	346	373	400	432	466	505	543	590	632	685	738	797	861	932	1004	1084	1169	1262	1366	1476	1590	1715	1851	1998	2159	2332	2517	2713	2929	3165	3414	3688	3982	4296	4636	5007	5409	5841	6306	6808	7354	7941	8578	9260	10002
4	5	5	6	6	7	7	7	8	9	10	11	12	13	14	16	17	17	20	21	23	27	30	32	34	35	36	40	42	46	51	56	58	64	68	73	79	86	92	99	106	116	125	135	145	158	173	186	200	218	236	256	274	295	318	345	373	399	432	467	504	544	589	632	685	738	797	861	932	1005	1083	1170	1263	1365	1474	1590	1714	1851	1998	2158	2330	2516	2714	2929	3165	3415	3687	3983	4296	4636	5008	5409	5841	6308	6807	7355	7941	8578	9259	10001
4	4	4	5	7	7	7	8	8	9	11	11	12	13	13	16	17	19	20	22	24	27	29	32	33	36	37	39	43	47	50	55	59	63	68	73	78	85	92	100	108	117	126	136	146	158	173	186	201	219	235	256	274	295	318	345	372	401	432	467	505	543	589	632	685	738	797	862	931	1005	1083	1169	1264	1365	1475	1590	1714	1851	1997	2157	2330	2515	2714	2927	3165	3416	3687	3984	4296	4638	5008	5410	5841	6308	6807	7354	7941	8577	9258	10000
5	5	5	6	6	6	6	7	8	9	10	11	11	12	14	15	17	19	20	22	24	26	29	32	33	35	37	39	44	47	49	55	59	62	68	74	79	86	93	100	109	118	126	135	145	159	172	186	202	219	235	255	275	296	319	344	371	402	432	467	504	542	588	632	685	739	798	862	931	1005	1083	1170	1264	1366	1474	1591	1714	1851	1997	2158	2330	2516	2714	2928	3165	3415	3689	3983	4295	4639	5009	5409	5842	6308	6807	7354	7942	8578	9258	10000
5	5	6	7	7	7	7	8	8	9	9	10	11	12	14	15	16	18	20	21	24	25	29	32	33	34	37	40	43	46	49	54	58	62	68	73	81	87	92	101	109	118	127	135	145	158	172	186	202	219	233	253	275	297	318	344	371	401	432	465	504	541	587	632	685	739	797	862	931	1005	1084	1169	1264	1366	1474	1591	1714	1851	1998	2158	2329	2516	2714	2929	3165	3415	3689	3983	4296	4638	5009	5409	5842	6309	6807	7354	7942	8578	9258	10000
6	6	6	6	6	7	7	7	8	9	10	10	11	12	15	16	17	19	19	21	24	25	29	31	33	34	37	39	43	46	49	54	59	63	69	74	81	87	92	101	111	118	127	135	146	158	173	187	203	218	234	253	275	297	318	343	371	400	433	465	504	542	587	632	684	740	799	862	932	1003	1084	1168	1264	1366	1474	1591	1714	1849	1997	2158	2328	2515	2714	2929	3164	3413	3690	3983	4296	4639	5008	5410	5842	6309	6808	7354	7942	8577	9257	10000
5	6	6	6	6	8	9	9	9	10	10	10	12	15	15	17	17	18	20	22	25	26	29	31	32	35	38	39	43	46	49	53	59	63	68	75	82	86	93	101	111	119	127	136	147	159	174	186	203	218	234	253	274	296	317	341	371	400	433	467	504	543	588	633	683	740	800	862	931	1002	1084	1168	1263	1367	1473	1590	1714	1850	1995	2157	2327	2515	2713	2929	3163	3414	3690	3983	4296	4640	5007	5410	5843	6310	6807	7354	7943	8578	9256	10001
6	6	7	7	8	9	9	9	9	10	11	12	13	15	15	17	18	19	19	21	25	25	28	31	33	36	37	39	40	46	50	53	58	63	68	75	82	86	93	100	111	119	127	136	147	160	173	187	203	218	234	253	275	295	318	341	371	399	432	467	505	544	587	633	682	740	800	862	932	1003	1084	1167	1263	1367	1472	1589	1713	1849	1995	2158	2327	2515	2713	2928	3162	3415	3689	3983	4296	4640	5008	5409	5843	6310	6808	7355	7943	8577	9257	10001
6	6	6	7	8	9	9	9	10	11	12	13	14	14	15	16	17	18	19	21	24	26	28	30	33	35	36	37	41	45	49	53	58	63	69	75	81	86	92	100	110	118	128	136	147	160	172	188	202	218	234	254	274	295	317	341	371	399	433	466	505	544	587	632	682	740	799	862	931	1003	1084	1168	1264	1366	1472	1588	1713	1849	1995	2158	2326	2514	2713	2929	3161	3415	3690	3983	4297	4639	5008	5409	5843	6311	6809	7356	7943	8576	9256	10000
5	6	6	8	8	8	9	9	10	12	13	14	15	15	16	16	17	18	19	21	23	26	28	29	32	35	37	40	43	46	51	54	57	63	70	75	81	87	93	100	110	119	128	136	148	160	174	188	201	217	234	253	273	296	316	342	370	398	432	466	505	543	586	632	681	739	799	862	931	1004	1084	1168	1264	1365	1472	1587	1713	1849	1995	2157	2327	2514	2714	2930	3162	3414	3689	3982	4296	4638	5007	5409	5842	6311	6809	7355	7943	8576	9256	10000
5	5	7	7	8	8	9	10	11	12	13	13	15	15	17	17	18	20	22	22	24	26	27	30	32	34	36	40	43	47	51	54	58	63	69	75	81	87	93	101	110	119	128	136	147	160	174	188	202	218	234	254	272	296	316	342	371	398	433	466	505	544	586	631	681	739	796	862	932	1004	1085	1167	1263	1364	1473	1588	1713	1848	1995	2157	2326	2511	2714	2932	3161	3415	3689	3982	4295	4639	5007	5409	5842	6312	6809	7356	7943	8576	9257	10000
4	6	7	8	8	8	10	11	12	12	13	14	15	16	16	18	18	21	22	23	24	26	28	30	33	35	37	40	43	47	52	55	60	63	69	75	79	86	94	101	110	119	128	137	148	160	173	188	202	218	234	254	270	296	316	342	370	400	433	467	505	543	587	632	681	740	796	862	931	1004	1086	1168	1263	1365	1472	1588	1712	1847	1996	2157	2326	2511	2713	2932	3161	3416	3689	3983	4296	4639	5007	5409	5842	6312	6809	7356	7943	8575	9256	9999
5	5	6	8	8	9	10	11	12	12	12	13	16	16	17	18	19	20	21	23	24	26	28	31	32	34	36	40	43	46	51	56	60	63	68	75	79	86	94	101	111	119	129	138	148	161	174	188	202	217	233	254	273	296	316	342	370	400	433	468	504	542	586	633	681	739	797	862	931	1003	1085	1169	1263	1365	1472	1587	1713	1847	1995	2156	2326	2511	2712	2932	3161	3416	3689	3983	4297	4639	5008	5409	5842	6313	6809	7356	7943	8576	9257	10000
5	5	7	8	8	9	10	10	11	11	12	14	15	15	17	19	19	20	21	23	24	27	29	30	32	35	36	40	43	46	52	55	59	63	69	76	80	87	94	102	110	119	128	138	147	160	174	188	201	218	234	254	274	296	315	341	371	400	434	468	505	543	585	633	682	738	796	863	931	1003	1085	1169	1263	1365	1471	1587	1713	1846	1993	2157	2326	2511	2713	2931	3162	3417	3688	3983	4297	4639	5008	5408	5842	6313	6810	7356	7943	8576	9256	9999
6	7	8	8	8	9	10	10	11	11	13	13	15	15	17	18	19	19	22	23	25	27	28	31	32	34	37	39	43	47	52	56	59	63	69	75	79	88	95	102	109	119	129	137	148	160	173	187	201	217	234	253	274	295	315	342	370	401	434	469	504	543	586	632	681	737	796	862	931	1003	1086	1169	1263	1364	1470	1588	1712	1846	1993	2156	2326	2510	2713	2932	3163	3417	3688	3982	4296	4640	5008	5408	5842	6312	6811	7355	7943	8575	9255	9999
7	7	8	8	8	9	9	10	11	12	13	14	15	15	15	17	17	19	22	23	25	27	29	30	31	34	38	40	44	47	51	57	59	64	70	75	80	87	95	102	109	119	128	137	149	159	172	187	202	218	234	253	273	295	316	342	370	400	434	468	503	544	587	633	681	738	796	862	930	1003	1086	1170	1262	1364	1470	1588	1712	1845	1994	2157	2327	2510	2712	2932	3163	3416	3688	3981	4295	4639	5008	5410	5842	6312	6810	7355	7946	8577	9256	9999
7	7	7	8	8	9	9	10	10	12	12	13	14	14	14	16	18	18	21	24	25	26	29	30	32	34	37	40	44	48	52	57	60	64	70	75	79	88	95	102	110	118	128	138	148	160	173	186	201	217	233	251	274	295	317	341	369	400	434	467	502	544	586	632	680	739	796	861	930	1003	1086	1171	1262	1362	1470	1588	1711	1846	1994	2158	2326	2511	2713	2933	3162	3417	3687	3979	4296	4639	5008	5410	5841	6313	6813	7355	7946	8577	9256	9998
6	6	7	7	7	9	9	10	11	11	12	12	13	14	15	17	18	20	21	23	24	26	29	29	32	35	38	40	45	49	53	56	60	64	70	75	78	88	95	101	110	118	128	138	148	160	172	186	200	216	233	251	273	295	317	341	369	400	434	466	503	545	586	632	681	738	796	861	929	1003	1085	1170	1262	1363	1471	1588	1713	1846	1994	2157	2327	2512	2712	2933	3162	3416	3687	3979	4295	4639	5008	5409	5841	6312	6813	7357	7945	8578	9256	9999
5	5	7	8	8	9	9	9	10	11	11	13	14	14	15	17	18	20	21	23	24	26	28	30	32	35	38	41	44	48	52	56	60	64	70	75	80	89	95	102	111	118	128	138	148	159	172	186	199	216	234	251	273	295	317	342	368	400	433	467	504	544	586	633	680	738	795	860	928	1002	1085	1170	1262	1363	1470	1587	1713	1845	1995	2157	2327	2511	2712	2933	3161	3416	3687	3981	4296	4639	5009	5407	5842	6313	6814	7357	7946	8578	9257	9999
5	6	7	7	8	8	9	9	10	10	10	12	13	14	16	16	18	19	21	23	25	26	27	30	32	35	37	41	43	47	51	56	61	66	70	74	81	89	95	102	110	118	128	137	148	159	172	185	200	216	234	251	272	295	318	342	367	400	432	466	504	545	586	632	681	738	797	861	928	1001	1085	1171	1261	1362	1469	1587	1713	1845	1994	2155	2328	2511	2713	2930	3161	3415	3687	3982	4295	4638	5008	5407	5842	6312	6814	7358	7945	8579	9258	9999
6	6	6	6	7	8	8	10	10	10	11	12	14	15	16	16	18	19	20	23	25	26	28	30	32	36	37	42	44	48	52	56	61	67	70	74	82	89	94	102	111	118	127	137	148	157	172	185	200	216	234	251	272	295	318	342	367	400	432	465	505	544	587	633	681	737	797	860	928	1002	1085	1170	1262	1362	1470	1585	1712	1845	1994	2155	2327	2511	2712	2931	3163	3415	3687	3981	4296	4638	5008	5405	5842	6312	6816	7358	7944	8579	9258	9998
6	6	6	6	7	8	8	9	10	11	12	13	13	15	16	17	18	19	20	22	25	25	28	29	31	35	36	41	45	47	51	56	62	67	70	75	82	88	94	102	110	117	128	137	148	159	171	185	200	216	234	251	272	295	318	343	367	399	431	465	504	544	587	633	681	737	797	859	928	1002	1085	1170	1261	1360	1470	1584	1712	1845	1993	2155	2326	2511	2711	2930	3163	3416	3687	3983	4296	4636	5008	5405	5843	6312	6817	7358	7943	8579	9258	9998
7	7	7	7	7	8	8	8	10	11	11	12	13	14	16	17	17	18	20	23	26	26	27	30	31	35	37	41	45	47	50	55	61	67	70	75	82	88	94	102	110	118	129	136	148	159	170	184	200	216	233	251	271	294	318	344	368	398	432	465	504	543	587	633	681	738	797	860	927	1003	1084	1169	1260	1361	1469	1584	1711	1843	1993	2154	2327	2511	2711	2929	3163	3415	3685	3983	4298	4637	5007	5408	5843	6312	6818	7358	7945	8579	9259	9999
6	6	6	6	8	8	8	8	10	10	11	13	14	14	16	17	17	18	20	23	25	25	27	30	31	34	38	40	44	47	50	54	61	67	71	76	82	87	94	102	110	117	129	136	148	158	169	183	199	215	232	250	270	293	317	344	368	399	432	467	503	543	587	632	682	737	796	859	926	1003	1084	1169	1259	1361	1469	1583	1711	1844	1994	2152	2327	2512	2710	2928	3164	3415	3686	3984	4298	4637	5006	5408	5843	6310	6818	7359	7946	8578	9258	9998
5	5	6	6	7	7	7	8	9	10	10	12	13	15	15	17	18	19	20	23	25	26	28	30	31	34	37	40	42	47	50	55	60	66	71	76	82	87	95	101	110	117	128	136	147	158	169	183	198	214	232	250	270	293	317	343	368	399	433	467	505	543	586	633	682	737	797	859	926	1003	1085	1169	1260	1361	1466	1581	1711	1844	1994	2151	2328	2512	2711	2929	3163	3414	3686	3984	4298	4638	5008	5407	5844	6311	6818	7360	7947	8577	9258	9998
5	5	6	6	6	7	8	8	8	9	10	11	13	15	15	16	19	20	21	23	24	26	28	30	31	34	37	39	43	46	50	56	60	67	71	76	81	88	94	102	111	118	128	137	146	158	168	183	197	214	231	250	270	293	317	342	368	400	432	467	506	542	586	632	682	738	796	858	926	1003	1084	1168	1259	1361	1466	1581	1710	1844	1995	2151	2327	2513	2712	2929	3162	3414	3687	3983	4298	4638	5008	5407	5844	6310	6818	7360	7947	8577	9259	9999
5	5	5	6	7	8	8	10	11	11	11	12	13	14	16	16	18	20	20	22	24	25	27	29	33	34	38	40	43	46	50	56	60	66	70	76	80	89	95	102	111	117	129	137	147	158	169	183	197	213	231	251	271	292	318	342	368	399	431	467	507	543	587	634	683	739	797	859	926	1004	1082	1168	1259	1361	1465	1581	1710	1846	1995	2150	2326	2513	2711	2930	3164	3415	3687	3983	4299	4638	5007	5406	5844	6310	6818	7361	7946	8577	9259	10000
5	5	5	6	6	8	8	10	11	11	12	14	14	15	15	17	17	19	21	22	25	25	28	30	33	35	37	40	42	47	52	56	60	65	70	75	81	88	94	101	111	118	128	138	148	157	168	184	198	213	232	250	270	292	318	343	369	399	430	468	507	544	588	634	683	740	797	859	927	1003	1080	1167	1259	1360	1465	1581	1710	1847	1995	2150	2327	2513	2711	2929	3164	3416	3687	3983	4298	4638	5010	5407	5843	6310	6817	7360	7947	8578	9260	10001
5	7	7	7	7	8	9	10	10	12	13	14	14	14	16	16	18	20	21	22	25	26	28	31	33	35	37	39	43	48	52	56	60	64	71	76	82	87	94	102	109	119	127	138	147	157	169	183	198	214	232	250	268	292	318	343	369	399	430	467	506	545	588	634	683	739	798	860	926	1003	1080	1167	1259	1359	1464	1581	1710	1846	1995	2150	2327	2513	2712	2930	3163	3416	3688	3982	4297	4638	5010	5407	5843	6310	6817	7360	7947	8578	9261	10001
6	7	7	7	8	8	8	10	10	11	12	13	13	14	16	17	18	19	20	22	25	26	27	31	33	35	36	39	42	47	53	56	60	65	70	76	81	86	94	101	110	119	127	138	147	156	170	183	198	214	233	249	269	291	318	343	369	397	430	467	506	546	589	633	683	738	799	861	926	1003	1080	1167	1259	1359	1465	1581	1710	1845	1995	2150	2326	2512	2713	2930	3161	3417	3688	3983	4299	4638	5011	5408	5842	6310	6818	7359	7947	8578	9260	10001
6	7	7	8	8	8	9	9	9	10	10	12	12	13	15	16	17	19	20	22	24	26	28	30	34	35	36	40	43	46	53	55	59	64	71	75	82	87	94	100	110	119	127	137	146	157	170	184	199	214	232	249	268	290	317	342	367	397	430	466	505	545	588	633	683	738	799	860	925	1001	1079	1167	1259	1358	1466	1581	1709	1846	1993	2150	2325	2511	2712	2930	3161	3416	3688	3982	4300	4639	5011	5407	5843	6310	6818	7359	7948	8578	9261	10001
5	6	7	7	7	7	8	8	8	9	10	10	10	13	15	15	16	19	19	21	24	27	29	30	35	37	38	42	46	47	52	55	59	65	70	75	83	87	94	100	110	119	127	137	147	157	169	185	200	215	232	250	268	291	316	340	368	398	429	465	504	545	588	633	683	738	799	859	925	1002	1080	1167	1258	1357	1467	1580	1709	1845	1993	2150	2325	2512	2712	2931	3162	3417	3687	3983	4300	4638	5011	5408	5842	6310	6817	7359	7947	8578	9261	10002
4	5	6	6	7	7	7	7	7	9	9	10	11	13	14	15	17	18	19	22	23	26	29	31	34	37	39	42	46	48	51	56	60	65	70	74	82	87	94	101	109	117	127	135	146	158	170	184	199	215	231	249	267	292	316	341	369	398	429	465	504	545	587	634	682	736	800	859	924	1002	1079	1167	1259	1356	1467	1580	1709	1845	1993	2151	2326	2513	2713	2931	3162	3416	3687	3983	4300	4638	5011	5409	5841	6309	6816	7359	7947	8578	9261	10002
4	4	5	6	7	7	7	8	8	8	9	11	12	12	14	15	17	19	20	21	23	26	28	31	35	37	40	43	45	48	51	56	59	64	69	74	81	86	94	100	109	116	127	136	145	159	170	183	198	216	232	250	268	291	314	341	369	397	429	465	503	545	587	633	682	736	800	860	923	1001	1079	1168	1258	1356	1467	1580	1709	1844	1992	2150	2326	2512	2713	2931	3162	3415	3687	3983	4300	4638	5012	5408	5841	6309	6817	7359	7946	8577	9261	10002
4	5	5	6	6	6	7	8	8	8	10	11	11	11	12	14	17	18	20	20	23	26	28	30	34	36	39	43	45	49	51	56	60	61	67	74	81	86	94	100	109	117	127	136	145	158	170	183	197	215	231	249	267	290	314	340	369	396	429	465	502	545	588	633	683	736	799	859	923	1001	1079	1168	1257	1356	1467	1580	1708	1844	1992	2149	2325	2512	2713	2930	3161	3415	3687	3983	4299	4639	5012	5407	5842	6310	6816	7359	7945	8577	9260	10002
4	4	4	5	6	6	7	7	7	8	9	10	11	11	13	15	16	18	19	20	23	26	28	30	33	36	39	43	45	48	51	56	59	62	66	73	81	86	92	98	109	116	126	135	144	158	169	182	197	214	231	249	267	289	313	341	369	396	428	465	502	546	587	633	683	736	799	859	923	1001	1078	1167	1256	1356	1467	1581	1708	1845	1991	2151	2325	2513	2713	2929	3161	3414	3688	3983	4300	4638	5012	5408	5841	6309	6816	7359	7946	8578	9260	10003
4	4	5	5	5	6	6	6	6	7	9	10	11	11	13	16	17	17	19	21	22	26	28	30	33	35	38	42	45	48	52	55	58	62	67	72	80	86	92	98	107	116	125	135	145	158	169	182	197	213	232	248	267	289	313	340	369	396	428	464	501	546	586	633	683	735	798	857	924	1001	1079	1167	1256	1356	1465	1580	1708	1845	1991	2151	2326	2512	2713	2928	3160	3414	3687	3983	4299	4638	5012	5408	5841	6307	6816	7359	7946	8579	9260	10002
4	4	4	4	5	6	7	7	7	7	9	12	13	13	14	15	16	18	19	21	23	25	26	30	32	34	35	41	44	47	52	54	59	62	67	71	77	82	91	98	104	115	124	135	145	157	169	182	197	214	232	248	267	287	312	341	369	396	427	465	501	545	587	633	683	735	797	857	924	1000	1079	1166	1255	1356	1462	1580	1707	1845	1991	2152	2327	2513	2712	2928	3160	3414	3686	3983	4298	4638	5011	5408	5841	6309	6817	7361	7946	8579	9261	10003
4	5	5	5	6	6	6	8	8	9	9	12	13	13	13	14	17	18	19	21	22	24	26	29	30	34	36	41	44	48	52	55	58	63	66	70	76	83	90	98	104	115	123	135	146	156	169	182	197	213	232	248	267	287	312	341	369	395	427	464	501	544	586	632	683	735	795	858	924	1000	1079	1165	1255	1356	1462	1581	1708	1844	1992	2151	2327	2512	2713	2927	3159	3413	3686	3983	4297	4639	5013	5407	5839	6312	6817	7362	7946	8579	9261	10003
4	5	5	5	6	6	7	7	9	9	10	11	12	13	14	14	16	18	20	20	21	23	25	26	29	32	36	41	43	47	52	55	58	62	65	71	76	83	90	97	104	114	121	136	145	155	169	183	198	213	230	248	266	288	313	340	368	396	429	463	501	545	586	632	683	735	796	857	924	999	1078	1163	1255	1355	1462	1582	1709	1845	1992	2152	2327	2512	2712	2927	3160	3412	3685	3983	4298	4639	5014	5408	5840	6312	6818	7361	7948	8578	9263	10002
5	5	6	6	7	7	7	8	9	10	11	11	12	13	13	15	17	17	19	19	20	21	24	26	29	32	37	40	42	46	52	55	58	62	66	71	77	83	90	97	105	114	122	135	143	155	169	183	197	212	230	247	265	288	314	339	368	397	430	463	500	544	585	632	683	736	795	856	924	999	1077	1161	1255	1355	1463	1581	1710	1845	1993	2152	2326	2511	2712	2927	3160	3414	3685	3983	4300	4638	5014	5407	5840	6311	6818	7360	7948	8577	9266	10001
5	5	6	7	7	7	7	8	8	10	11	12	12	13	14	16	16	17	19	19	20	21	24	26	29	32	36	39	41	46	49	54	57	61	66	70	76	82	90	96	105	113	122	134	143	154	168	183	196	211	228	247	265	288	313	340	368	398	429	462	502	543	584	632	683	736	794	857	926	999	1078	1160	1254	1355	1464	1580	1710	1844	1992	2153	2326	2510	2712	2926	3160	3416	3685	3982	4300	4638	5014	5407	5841	6310	6818	7361	7948	8576	9266	10001
4	6	6	7	8	8	8	9	9	10	10	11	11	13	14	15	15	17	18	19	20	22	23	25	28	32	35	38	40	44	48	53	57	61	66	71	76	82	90	96	105	112	122	133	144	154	168	183	195	210	228	247	264	288	312	340	368	398	429	462	502	543	585	632	682	736	794	857	926	998	1077	1160	1253	1355	1463	1580	1710	1845	1993	2152	2325	2511	2712	2925	3161	3416	3685	3982	4299	4639	5013	5407	5842	6309	6818	7361	7948	8576	9267	10003
4	6	6	7	7	7	7	9	9	10	11	11	11	12	13	14	14	15	18	20	21	22	24	26	28	32	35	37	41	44	47	52	56	60	64	70	75	81	90	95	104	112	123	134	144	155	169	181	195	210	229	247	264	288	311	340	368	398	429	464	502	541	586	632	682	736	793	856	927	997	1077	1158	1254	1354	1463	1580	1709	1846	1993	2152	2325	2511	2712	2925	3161	3416	3687	3981	4298	4639	5013	5407	5841	6310	6817	7362	7949	8574	9266	10003
