7	7	7	7	7	7	7	19	19	20	20	20	20	20	23	23	25	25	25	25	25	25	32	33	33	34	35	43	44	48	49	55	57	60	60	67	67	67	74	80	83	93	93	99	108	110	114	116	123	137	142	155	163	173	185	193	201	220	233	249	261	273	290	304	319	337	352	372	397	416	436	456	483	517	540	573	603	638	677	718	755	792	836	889	934	989	1037	1108	1167	1233	1297	1381	1452	1532	1610	1721	1804	1927	2017	2130
5	5	5	5	5	5	5	5	5	19	21	21	21	21	21	21	21	25	25	25	25	25	32	32	34	34	37	42	44	48	48	48	48	48	60	60	69	73	76	82	83	90	98	99	108	110	113	118	123	124	146	159	167	171	188	198	203	223	234	249	261	275	289	303	318	340	352	368	398	416	436	458	486	513	541	577	605	638	675	710	757	796	836	889	937	992	1043	1111	1166	1233	1300	1381	1455	1528	1605	1721	1803	1926	2016	2141
7	7	8	9	10	11	11	12	12	12	12	12	12	21	21	21	21	26	26	29	30	31	32	34	34	37	38	42	42	47	50	50	50	60	60	64	68	72	75	80	84	90	98	101	102	110	114	117	123	128	147	161	167	174	187	199	209	221	235	247	255	272	289	301	318	339	352	373	397	416	438	458	485	513	539	573	605	637	671	713	757	792	836	889	926	991	1042	1106	1164	1217	1301	1381	1455	1528	1605	1720	1811	1923	2018	2141
5	5	5	5	5	5	5	13	14	16	17	18	18	18	22	22	22	22	22	29	30	32	32	35	37	37	37	43	44	44	51	54	58	58	63	63	70	70	76	81	84	84	90	101	104	110	110	119	124	127	147	159	167	172	187	194	204	225	235	247	256	272	290	306	319	333	351	373	391	409	429	458	478	512	539	574	606	638	677	713	753	799	837	887	930	989	1042	1107	1164	1234	1301	1374	1455	1528	1606	1720	1808	1925	2017	2142
6	7	7	7	7	7	7	7	7	7	7	7	7	7	19	19	22	25	25	26	30	30	32	34	37	40	40	40	40	40	50	52	57	60	62	68	73	76	76	82	84	89	92	96	102	112	113	119	123	123	144	159	165	172	185	196	204	226	235	248	257	266	286	306	321	336	349	372	395	416	434	456	483	512	539	573	606	639	677	713	751	799	836	890	931	990	1035	1107	1168	1235	1302	1377	1454	1526	1605	1718	1813	1924	2017	2142
4	4	4	4	4	7	7	7	7	15	15	17	18	18	18	18	20	24	24	24	24	24	24	24	35	39	42	42	44	44	50	53	54	59	63	68	71	74	76	78	78	88	94	100	102	111	115	118	123	142	152	158	165	173	186	196	212	218	235	242	257	271	285	304	322	336	348	369	393	416	428	462	482	512	539	564	607	638	676	715	757	797	836	890	931	990	1037	1103	1165	1231	1302	1377	1454	1530	1605	1721	1813	1927	2022	2137
0	0	0	0	0	12	13	13	13	16	17	17	17	18	19	20	22	22	24	24	29	30	32	33	34	39	39	39	39	44	45	51	53	53	63	66	72	75	78	81	83	91	95	99	103	103	116	119	123	142	152	158	165	171	182	191	213	221	231	241	254	269	285	302	322	336	349	374	392	414	435	464	484	513	535	556	606	639	675	715	757	797	838	890	932	990	1039	1104	1165	1231	1301	1378	1454	1530	1608	1719	1808	1927	2019	2138
11	11	12	12	12	13	13	14	15	15	17	17	17	17	17	17	17	17	24	25	27	27	32	33	34	34	40	40	44	44	46	50	50	55	63	67	70	73	78	82	83	91	94	96	102	107	115	120	120	143	151	159	164	177	179	192	212	222	231	241	257	273	286	303	321	335	352	373	390	413	433	462	487	513	535	561	607	640	674	713	754	796	845	890	931	984	1037	1103	1168	1231	1303	1376	1456	1528	1609	1719	1808	1927	2031	2136
11	11	12	12	12	12	12	14	15	15	15	15	17	18	18	18	18	20	21	21	27	27	27	27	27	27	39	42	45	46	46	50	50	55	58	58	58	72	78	82	87	91	94	99	102	113	117	129	135	144	151	159	165	178	183	190	212	223	232	241	255	274	279	307	321	335	350	373	391	415	434	464	487	514	532	563	607	636	675	713	760	798	845	887	932	984	1031	1105	1169	1230	1301	1382	1454	1529	1609	1716	1815	1928	2028	2141
11	11	11	14	14	14	14	15	15	15	15	15	18	19	20	20	20	20	20	25	27	27	28	28	29	36	41	42	42	47	48	52	54	55	58	61	66	72	72	80	83	89	94	94	104	113	114	130	135	143	149	159	165	178	184	193	200	221	230	242	257	269	282	309	319	333	350	367	390	408	434	463	483	510	536	557	607	638	675	713	760	798	845	887	932	987	1038	1101	1168	1230	1301	1376	1456	1529	1608	1720	1815	1928	2030	2142
11	13	13	13	13	13	13	13	13	13	16	18	18	18	18	18	18	24	25	26	26	26	26	29	29	37	39	41	43	48	48	52	54	58	59	61	66	71	72	79	83	85	94	95	95	113	114	128	137	142	150	157	157	178	184	189	201	223	231	245	256	272	282	305	320	333	346	367	391	409	430	461	484	511	534	564	608	637	675	713	758	798	844	884	937	986	1038	1100	1167	1231	1308	1377	1457	1529	1604	1720	1816	1924	2026	2142
13	13	13	13	13	14	14	14	14	14	15	15	15	18	21	22	24	24	24	26	26	27	27	33	35	35	39	39	42	42	51	53	55	57	59	61	62	71	74	80	83	86	87	95	96	112	122	128	133	142	146	165	171	178	182	192	199	223	230	245	256	272	278	306	317	334	350	369	389	411	434	455	489	511	535	565	608	636	675	714	759	798	844	884	937	983	1038	1099	1169	1227	1308	1371	1457	1530	1601	1719	1814	1928	2035	2142
13	13	13	13	13	13	13	13	13	13	13	13	13	18	21	22	22	22	22	24	24	24	24	32	34	39	40	40	47	50	51	52	54	54	58	62	65	71	72	77	81	86	91	95	109	112	123	128	133	142	147	165	170	175	183	193	201	220	230	245	255	272	281	306	316	330	350	364	388	411	432	454	489	504	538	565	600	638	672	713	760	798	844	881	936	989	1038	1104	1169	1231	1307	1375	1457	1530	1606	1719	1819	1928	2035	2140
9	13	14	14	15	15	15	17	17	18	18	18	18	18	21	23	23	23	23	28	28	31	32	32	32	39	39	41	47	47	47	52	54	54	55	61	63	71	71	78	82	87	91	95	109	114	119	128	129	142	153	168	171	178	183	193	200	220	229	241	254	272	280	299	317	333	349	371	392	411	436	454	488	507	538	562	603	634	682	714	760	801	839	890	938	986	1038	1104	1169	1231	1308	1378	1451	1531	1606	1720	1819	1929	2035	2143
7	7	7	7	15	16	17	17	18	18	18	18	18	18	21	21	24	24	28	28	29	32	33	33	33	40	41	41	48	49	49	49	53	53	53	61	63	63	63	79	81	85	90	104	109	117	119	120	131	149	154	166	169	178	179	191	208	217	230	241	253	272	283	296	317	332	350	371	392	412	436	455	488	510	534	562	603	636	681	709	759	798	840	891	933	986	1039	1101	1166	1231	1311	1376	1452	1527	1603	1723	1818	1929	2032	2143
5	9	9	9	15	15	15	17	18	18	18	19	20	21	21	21	26	27	28	29	29	31	31	31	37	37	45	47	48	50	50	52	53	55	55	61	64	67	67	78	79	79	90	102	108	117	119	125	130	149	153	166	172	175	185	195	211	216	231	241	255	268	283	297	317	327	352	364	388	412	436	455	488	511	532	563	602	645	682	709	758	801	838	890	939	986	1037	1107	1167	1232	1304	1376	1450	1527	1605	1725	1821	1930	2031	2142
8	8	13	14	14	15	15	15	15	15	15	19	19	19	21	21	26	27	28	30	31	32	34	35	37	39	42	42	42	50	51	51	55	55	56	62	62	67	75	76	79	85	85	102	110	114	121	125	132	146	161	165	172	174	186	195	208	216	231	240	254	269	285	296	318	332	351	364	383	412	437	456	485	509	534	564	600	645	682	709	759	798	839	890	940	991	1045	1104	1166	1226	1306	1377	1450	1529	1605	1724	1826	1927	2033	2138
11	13	13	13	14	14	15	16	16	16	16	16	16	16	25	26	27	27	27	27	30	32	32	35	36	39	42	44	48	50	51	54	54	56	59	63	67	67	75	76	79	84	96	102	110	115	120	124	139	139	161	165	173	177	186	193	208	211	227	239	255	269	285	297	319	331	351	368	388	406	435	456	483	510	534	564	609	645	676	711	759	798	840	886	941	991	1044	1104	1158	1230	1305	1377	1444	1527	1604	1723	1826	1929	2032	2140
11	11	11	13	14	14	14	14	16	17	18	18	18	18	18	18	18	18	18	27	30	30	32	35	37	37	37	37	44	49	52	52	55	56	59	62	67	74	76	76	76	85	94	101	108	114	121	128	138	148	159	165	173	179	187	198	205	215	227	243	249	270	285	297	318	329	351	369	388	411	432	455	483	510	534	560	609	646	675	711	750	798	835	884	942	986	1042	1097	1161	1224	1306	1377	1446	1525	1603	1722	1831	1927	2028	2140
9	9	9	9	9	9	14	14	14	14	14	19	19	19	20	21	22	23	24	28	29	30	30	30	35	35	35	35	45	48	48	54	56	59	61	63	67	74	75	77	82	84	96	100	103	114	122	128	141	148	159	165	173	176	187	193	206	215	228	244	250	267	282	298	317	330	348	370	387	411	432	456	478	506	529	569	609	646	676	709	751	792	836	884	938	992	1043	1099	1162	1227	1306	1367	1437	1524	1609	1725	1831	1930	2028	2141
10	12	12	12	12	12	12	12	12	17	18	18	18	19	19	20	22	22	22	28	29	30	30	31	36	38	40	40	44	48	52	52	55	59	59	63	69	72	76	79	82	90	92	102	111	117	122	128	140	146	159	163	174	180	185	200	205	216	232	239	255	269	282	296	317	328	348	370	390	410	435	456	480	505	534	575	612	645	676	714	751	794	835	882	932	991	1043	1101	1158	1228	1298	1375	1446	1524	1609	1717	1831	1930	2025	2140
11	12	12	12	13	13	14	14	14	17	17	17	17	17	17	17	17	26	28	28	28	28	28	32	32	39	40	43	43	48	51	53	56	62	62	62	70	72	77	79	83	90	98	102	108	114	120	125	140	150	158	165	173	180	185	198	207	217	228	242	253	266	282	299	318	328	351	361	390	411	434	454	483	503	534	574	614	646	674	713	752	795	837	889	936	991	1041	1099	1166	1228	1298	1375	1447	1527	1606	1720	1831	1926	2030	2140
11	11	11	12	12	12	12	14	16	16	16	21	22	22	22	24	26	26	28	29	29	30	31	32	32	39	39	46	47	47	47	51	61	62	63	64	66	72	77	82	88	88	98	100	107	114	121	126	133	150	159	164	173	176	188	198	207	216	229	242	253	260	280	299	310	328	350	369	390	408	435	453	483	506	534	574	612	642	674	707	748	795	828	890	937	987	1041	1094	1160	1227	1292	1377	1438	1532	1603	1720	1832	1926	2029	2132
4	4	4	12	12	12	12	12	18	19	20	20	20	24	24	26	26	26	26	29	29	29	29	36	38	39	40	46	46	46	49	51	61	62	62	63	66	70	77	83	87	89	98	100	104	115	124	125	136	147	158	165	173	182	188	200	208	215	226	244	257	265	282	303	313	326	348	371	390	408	435	458	481	511	534	574	611	642	674	708	755	794	832	889	934	987	1039	1103	1165	1221	1291	1376	1441	1532	1602	1720	1834	1927	2029	2132
4	4	4	4	4	4	4	4	4	18	18	20	20	23	23	25	25	25	25	30	31	32	35	36	36	36	44	46	47	47	50	50	61	61	63	64	64	70	75	82	89	95	98	103	106	114	121	129	136	148	153	164	173	178	194	202	211	221	229	241	257	272	282	302	312	335	348	371	389	407	435	455	477	511	537	572	613	644	671	709	753	794	832	887	936	986	1039	1104	1165	1227	1292	1376	1441	1533	1626	1720	1831	1926	2030	2136
11	11	11	11	11	13	14	14	14	14	18	18	20	23	23	24	25	26	26	30	30	35	35	35	38	42	43	44	44	44	55	57	58	58	63	64	68	74	77	82	87	94	99	103	105	112	115	129	136	147	155	164	170	183	191	201	212	220	230	241	257	272	284	298	312	335	348	365	390	408	433	453	479	510	537	573	613	641	670	709	753	792	832	888	934	985	1038	1104	1164	1226	1290	1375	1445	1533	1626	1720	1831	1923	2028	2135
9	9	11	11	12	13	13	13	13	14	14	18	18	18	18	18	26	26	27	28	34	34	34	36	37	42	42	46	50	53	54	56	58	60	61	61	69	74	76	81	81	95	95	102	109	115	119	129	136	147	154	162	172	181	194	201	211	216	230	239	256	270	284	301	310	334	347	365	386	409	431	461	482	511	536	571	609	641	669	710	753	793	829	887	934	993	1043	1104	1164	1226	1293	1375	1447	1533	1628	1720	1828	1918	2030	2136
9	9	9	9	9	9	9	13	13	15	15	19	20	22	22	25	26	26	26	26	34	35	35	36	38	38	44	44	44	52	54	54	57	60	64	65	65	69	76	80	90	95	97	103	110	114	118	127	135	148	154	163	170	182	195	201	208	223	230	246	260	271	283	290	319	335	349	363	387	409	435	462	484	511	534	570	610	640	669	707	753	793	830	888	928	993	1043	1105	1162	1228	1293	1370	1446	1533	1628	1718	1829	1921	2030	2134
9	9	11	12	12	13	13	13	14	14	14	19	20	22	23	23	26	27	27	33	34	35	35	38	38	40	40	44	47	47	47	54	57	58	64	64	64	73	80	81	89	91	98	104	109	111	118	127	136	148	150	163	171	171	190	203	210	223	232	246	260	271	282	298	319	335	348	370	385	409	435	456	479	509	545	570	611	641	679	710	751	792	828	888	933	991	1045	1100	1162	1226	1292	1374	1444	1533	1628	1719	1826	1921	2030	2138
9	9	9	9	9	9	14	14	14	14	14	14	20	20	20	23	23	27	32	33	33	37	37	39	40	41	42	42	45	47	49	51	55	61	66	67	71	72	80	84	89	92	92	104	104	104	115	122	137	145	154	163	173	182	193	203	209	224	232	247	261	270	280	297	318	335	349	371	386	412	433	459	486	516	544	579	608	642	677	710	749	793	828	887	935	990	1045	1102	1163	1226	1292	1374	1444	1530	1628	1717	1826	1921	2022	2140
9	9	9	9	13	14	14	14	14	14	14	17	17	20	21	21	21	21	31	34	37	37	37	37	37	37	41	41	45	45	48	55	56	62	65	66	72	73	80	84	88	92	99	106	109	114	120	122	128	144	153	161	173	182	194	200	214	225	232	247	261	270	284	298	318	335	350	372	391	410	430	459	487	516	545	579	606	636	678	712	745	793	830	888	935	997	1043	1104	1161	1226	1292	1372	1445	1530	1626	1720	1828	1920	2022	2141
11	12	12	13	13	13	13	13	15	16	16	18	20	20	20	20	31	31	33	33	33	33	38	38	38	40	42	45	47	48	51	54	58	61	63	66	71	78	79	84	88	92	99	99	109	115	121	122	137	144	153	163	172	182	195	200	214	225	233	246	261	272	285	305	318	330	351	369	391	407	433	459	483	514	543	576	605	639	678	710	749	792	828	881	938	996	1047	1101	1163	1223	1292	1371	1444	1528	1629	1720	1827	1923	2023	2141
9	11	11	11	13	13	13	14	15	15	15	15	25	27	27	29	31	32	33	33	34	36	38	39	39	40	44	44	44	47	51	51	51	59	61	66	72	72	80	80	87	87	98	101	109	113	120	120	136	138	153	163	172	174	190	198	214	226	236	248	263	274	284	298	315	331	348	373	386	403	433	458	483	514	543	577	606	639	679	709	749	793	829	884	938	999	1047	1101	1162	1222	1292	1371	1446	1528	1629	1720	1826	1923	2023	2136
7	7	7	11	11	11	11	11	11	11	22	24	25	27	27	27	31	32	32	33	34	34	37	37	39	40	43	45	46	51	51	51	57	58	60	61	72	75	81	83	87	90	98	103	107	107	122	123	136	140	151	164	172	177	190	199	212	226	236	243	261	275	284	297	317	333	352	373	389	413	430	459	485	514	543	577	605	640	679	708	747	791	832	881	937	1000	1045	1100	1162	1227	1295	1371	1442	1534	1627	1716	1825	1920	2022	2136
9	9	9	9	9	11	11	11	11	20	22	24	26	28	28	28	29	32	33	33	34	35	35	35	35	35	43	44	44	44	44	44	58	59	60	71	73	78	80	83	86	92	97	105	110	110	122	125	138	144	152	158	167	181	188	199	212	225	234	252	256	274	285	295	320	335	355	373	389	412	432	461	489	516	541	576	605	640	662	709	747	791	832	881	936	996	1046	1102	1163	1227	1296	1364	1442	1534	1627	1719	1825	1915	2022	2139
8	8	10	10	11	11	11	18	19	19	19	19	26	28	29	29	29	29	33	34	34	34	38	39	39	42	43	46	48	50	53	56	56	59	62	72	72	78	78	81	88	90	90	105	110	115	115	115	132	146	154	159	169	178	192	199	212	225	226	249	261	274	288	300	315	332	355	368	386	412	432	459	489	514	544	576	600	640	678	713	746	786	825	879	931	993	1046	1102	1156	1227	1296	1363	1441	1536	1621	1719	1812	1915	2024	2139
10	10	10	10	10	10	10	18	18	19	19	19	19	19	19	19	19	30	34	34	36	37	38	40	41	42	42	46	48	51	55	56	56	59	61	73	75	77	81	83	87	91	93	105	110	114	123	129	133	147	150	159	171	175	191	202	212	225	236	238	261	274	286	302	317	327	352	372	377	412	429	460	492	515	545	575	604	633	679	705	745	786	832	880	940	992	1046	1090	1159	1226	1296	1363	1442	1538	1619	1723	1806	1917	2026	2128
8	8	8	8	17	18	18	18	19	19	19	19	19	21	21	23	23	23	23	34	36	36	36	40	40	42	45	46	49	52	55	58	58	59	60	73	73	78	82	87	87	91	94	104	110	118	123	128	136	147	155	161	169	176	187	202	212	225	236	250	258	274	289	304	320	333	355	372	390	409	434	462	492	514	543	575	607	637	678	709	747	783	829	880	936	993	1046	1093	1158	1225	1295	1358	1442	1534	1622	1724	1811	1916	2025	2130
14	15	16	16	17	18	18	18	19	19	20	21	21	21	21	24	25	27	27	27	27	27	27	27	40	42	46	47	49	50	55	55	55	58	70	71	73	74	82	83	88	91	92	106	111	114	123	129	137	139	155	157	168	178	189	201	212	220	233	248	260	274	289	303	320	334	355	372	392	409	440	461	491	514	545	581	605	634	674	709	744	783	833	880	941	992	1042	1102	1159	1226	1295	1361	1442	1533	1622	1722	1811	1918	2025	2124
9	9	9	16	16	16	16	16	18	18	20	21	21	21	21	24	24	24	27	28	29	29	34	35	40	43	44	47	49	52	52	55	55	64	69	69	74	80	82	86	88	90	104	104	111	114	117	129	136	137	155	160	160	176	189	195	210	220	234	248	259	273	290	299	320	334	356	371	392	410	439	461	486	519	541	579	607	635	677	709	747	784	832	866	942	985	1043	1102	1158	1226	1295	1361	1438	1535	1622	1722	1815	1917	2026	2129
3	3	3	3	16	16	16	16	16	18	18	22	22	22	22	22	24	24	25	25	31	31	33	36	37	41	46	47	48	52	52	61	64	67	67	69	78	80	81	86	89	96	104	106	113	116	120	128	129	140	143	160	164	177	189	200	209	217	234	242	259	275	289	299	312	333	355	374	390	405	439	461	486	520	552	582	606	633	679	713	747	783	833	888	941	987	1045	1102	1153	1230	1294	1362	1442	1534	1615	1723	1815	1911	2029	2131
8	9	9	9	11	11	16	16	16	16	18	19	22	22	22	23	25	25	25	25	31	31	34	34	34	41	46	46	47	51	57	59	59	66	66	66	78	79	79	86	88	96	101	106	112	115	118	128	132	140	144	146	165	176	190	199	209	217	223	242	256	275	289	301	314	336	355	375	393	415	437	460	486	519	552	579	607	636	675	713	747	781	832	889	948	988	1045	1102	1156	1229	1294	1362	1441	1534	1618	1717	1815	1913	2024	2131
4	4	4	4	4	4	4	16	16	16	17	17	17	17	17	17	17	17	29	29	31	32	33	35	37	38	42	46	46	51	57	59	59	68	70	74	78	82	83	88	93	98	103	106	112	115	115	115	131	140	144	152	165	177	187	198	208	217	225	244	256	271	287	296	316	336	344	374	393	413	437	458	493	520	544	579	607	637	675	710	747	778	832	889	947	988	1046	1100	1156	1223	1295	1362	1442	1531	1618	1717	1815	1913	2019	2129
14	14	14	14	14	15	15	15	15	15	15	15	15	15	15	15	23	23	31	31	31	31	33	33	37	41	46	47	50	54	58	60	66	68	70	70	77	79	82	88	88	97	98	106	107	115	118	126	131	141	144	152	165	176	187	201	204	216	231	243	257	271	288	296	316	336	350	373	395	412	439	463	495	518	545	576	607	635	661	710	741	779	825	888	947	982	1043	1100	1156	1223	1296	1359	1438	1535	1619	1717	1815	1914	2019	2127
13	13	13	13	13	13	15	15	15	15	17	17	17	17	23	23	23	30	31	32	32	32	32	37	37	40	46	48	52	54	54	60	66	69	72	76	77	81	81	81	92	96	101	106	106	114	119	126	130	142	149	153	166	174	185	195	205	216	231	244	257	267	285	297	313	335	348	373	395	415	431	463	495	513	548	575	607	639	671	707	747	779	829	890	943	988	1041	1102	1158	1224	1283	1359	1439	1535	1624	1718	1811	1911	2017	2121
12	12	12	13	13	13	13	15	15	17	17	17	20	21	21	21	21	30	30	32	33	33	36	39	40	41	46	51	52	52	52	60	67	69	72	77	78	81	83	84	89	99	101	104	110	115	115	127	130	141	149	157	166	175	187	197	205	216	232	237	261	268	288	296	314	335	349	366	395	414	435	465	496	515	548	577	605	639	670	710	747	781	830	889	942	993	1046	1102	1157	1226	1287	1359	1438	1531	1624	1718	1806	1909	2020	2121
5	5	5	13	13	13	14	17	17	19	19	19	20	20	22	22	28	29	30	30	35	36	36	38	38	38	51	51	58	59	60	65	68	68	72	76	76	81	82	87	89	97	101	106	110	112	119	127	130	145	149	157	166	174	182	194	204	217	230	237	259	268	288	298	310	335	349	365	395	415	439	465	490	515	548	578	606	639	671	712	748	776	831	887	939	992	1045	1101	1156	1220	1287	1358	1437	1535	1612	1715	1808	1912	2020	2123
8	8	8	8	8	13	13	13	17	18	18	18	18	18	18	18	28	30	30	35	35	36	37	37	44	45	50	50	58	58	58	63	63	69	71	76	78	80	82	82	82	97	100	104	104	114	121	127	136	147	150	158	166	171	180	196	203	217	232	240	258	268	286	296	313	332	349	360	395	414	440	465	492	514	546	577	603	638	673	711	744	784	829	894	941	991	1046	1101	1156	1221	1290	1359	1442	1534	1615	1716	1798	1912	2021	2117
8	8	9	10	12	12	12	14	17	17	18	19	20	20	21	27	27	29	29	35	36	36	37	42	44	50	51	56	57	59	62	63	64	64	64	73	79	80	83	92	93	99	101	101	109	114	118	130	135	141	150	156	165	174	181	195	203	220	232	240	256	267	286	303	316	333	346	375	396	414	439	469	490	520	548	579	612	629	673	711	749	786	825	893	941	989	1045	1100	1155	1228	1290	1357	1442	1535	1614	1701	1805	1912	2021	2120
7	7	7	7	10	10	10	10	10	10	10	10	20	20	21	27	29	31	31	33	35	35	35	44	49	50	51	54	54	59	62	62	66	66	70	73	75	81	83	92	96	101	101	109	112	114	122	130	135	145	153	160	165	174	178	192	207	219	225	242	256	273	289	301	316	333	342	373	397	414	438	468	490	519	548	579	611	634	673	705	748	785	834	890	941	989	1046	1101	1162	1228	1290	1369	1441	1535	1612	1712	1805	1913	2016	2119
5	5	5	5	5	5	5	5	17	17	18	18	18	18	20	29	29	29	29	29	35	36	38	44	47	50	51	51	56	57	62	63	66	68	68	72	77	81	83	93	96	99	103	110	112	117	118	128	132	146	148	157	165	175	181	194	206	217	228	240	259	272	289	302	313	332	348	372	390	412	439	473	496	518	541	583	613	635	670	710	750	785	834	891	939	989	1047	1101	1159	1223	1290	1369	1442	1508	1612	1713	1809	1913	2016	2119
7	9	9	9	9	9	9	9	17	17	17	17	17	17	27	27	27	27	29	29	29	29	38	41	41	41	41	53	53	59	62	62	65	67	69	72	77	80	85	92	97	100	101	110	111	112	121	131	139	146	148	158	167	175	180	192	206	217	228	239	254	272	286	298	313	333	342	372	390	411	440	472	495	519	542	582	609	636	673	711	751	785	839	892	938	984	1046	1100	1160	1223	1289	1369	1440	1512	1612	1713	1809	1913	2016	2119
7	7	7	12	13	13	16	16	17	19	20	20	24	25	27	27	27	27	27	27	27	27	27	27	27	27	27	41	53	57	57	57	66	66	68	69	69	80	84	90	90	98	104	108	111	115	121	131	138	144	147	155	164	173	182	188	206	217	228	240	254	274	281	303	318	333	346	372	390	416	440	472	493	520	541	581	609	634	673	711	746	786	841	892	939	989	1046	1103	1160	1220	1288	1369	1436	1514	1610	1706	1809	1908	2016	2117
11	12	12	12	13	15	15	15	17	17	20	22	22	25	25	25	27	28	28	28	29	30	31	31	37	37	38	38	53	57	59	63	63	63	69	70	71	80	87	91	95	100	103	109	113	114	121	131	139	140	150	154	164	175	181	191	207	215	227	237	252	271	283	302	317	335	348	373	390	417	440	470	494	520	539	582	612	639	671	712	747	787	839	892	938	987	1045	1104	1162	1227	1288	1368	1445	1511	1610	1706	1809	1905	2016	2114
11	11	11	12	13	13	15	15	15	18	18	18	18	18	25	25	26	26	26	29	29	29	34	34	37	37	38	39	41	53	58	63	64	66	66	71	71	80	80	91	95	95	102	103	114	116	126	131	138	142	149	153	161	176	183	191	206	215	229	234	257	272	286	302	318	335	347	370	385	417	442	471	488	513	552	582	615	641	680	709	748	785	840	888	939	989	1033	1103	1163	1227	1284	1368	1442	1513	1616	1706	1806	1909	2011	2119
11	11	11	11	13	14	14	14	14	14	14	14	18	19	19	19	27	28	29	29	32	34	34	35	37	38	39	39	41	41	60	60	60	65	71	71	73	77	81	89	91	96	101	105	113	113	122	128	136	143	149	151	160	167	183	192	204	219	230	240	256	272	285	296	318	335	356	373	392	417	442	470	494	518	552	581	614	641	679	710	744	788	840	891	930	992	1045	1101	1159	1229	1289	1368	1441	1513	1617	1702	1809	1908	2011	2118
4	4	4	11	11	11	11	14	14	14	15	17	17	17	17	17	17	17	29	30	32	34	34	36	37	37	38	38	39	42	58	61	63	67	69	71	73	73	73	82	91	96	97	103	114	119	123	132	137	142	143	153	161	171	183	194	205	222	226	240	256	273	285	296	317	333	356	373	392	409	442	465	494	517	548	581	609	640	680	710	749	789	840	891	940	992	1049	1098	1163	1230	1289	1367	1444	1508	1617	1708	1809	1906	2011	2119
8	8	8	8	8	12	12	12	12	14	14	14	17	17	17	17	17	22	22	30	30	33	34	34	37	38	38	38	38	38	44	61	64	67	68	71	74	76	81	85	91	91	97	105	107	119	124	132	135	143	146	156	164	172	181	193	204	216	229	241	246	272	284	294	315	330	357	371	394	415	442	464	496	516	547	582	609	635	679	706	750	789	839	894	939	990	1049	1100	1163	1231	1290	1369	1444	1520	1617	1709	1811	1911	2013	2122
12	12	12	12	12	12	12	12	12	12	16	16	18	18	18	22	22	28	28	28	28	28	28	34	36	38	38	38	41	42	46	61	64	67	67	67	67	80	83	85	85	93	93	106	112	119	120	128	135	138	147	150	164	172	181	199	205	219	229	239	252	272	284	301	319	331	355	375	395	415	440	465	494	520	548	576	610	643	680	712	751	800	844	894	938	996	1048	1102	1164	1227	1290	1369	1444	1519	1615	1709	1811	1913	2013	2120
8	8	8	8	8	8	8	8	8	8	14	14	18	19	22	22	22	26	26	28	29	30	34	34	34	37	40	40	41	42	47	47	61	65	67	70	78	78	78	87	87	91	103	103	112	113	119	126	135	137	148	156	165	170	184	199	206	219	225	240	252	271	286	301	318	344	358	373	392	417	441	467	495	520	550	575	606	641	679	714	751	800	844	891	938	997	1049	1100	1165	1231	1289	1363	1442	1520	1616	1708	1811	1912	2013	2120
10	10	11	12	12	13	14	14	14	14	14	14	14	20	22	24	26	26	26	26	28	28	33	33	35	37	40	40	40	41	46	46	64	65	69	73	79	82	85	87	90	95	104	107	112	116	121	125	134	140	148	157	166	177	184	197	210	218	231	236	257	267	285	302	318	344	355	373	394	419	442	466	491	521	549	578	608	641	685	714	749	798	845	891	937	996	1054	1103	1164	1231	1285	1365	1436	1521	1615	1709	1809	1908	2014	2120
9	9	9	9	9	9	9	9	9	9	9	9	9	15	15	23	26	26	26	26	29	31	33	33	35	38	39	41	41	41	41	51	64	68	69	69	79	79	85	85	91	98	103	106	109	116	120	126	135	138	144	156	166	175	183	198	210	219	232	244	257	268	285	304	319	343	355	375	391	419	441	466	489	517	552	577	610	641	683	716	748	800	842	891	940	997	1054	1102	1163	1228	1289	1365	1442	1520	1614	1705	1810	1908	2014	2121
9	9	9	9	9	9	12	12	12	13	13	14	15	15	15	16	25	26	26	26	26	30	34	34	34	34	34	41	41	44	44	44	65	67	70	70	76	81	85	88	91	98	100	106	113	117	122	125	135	135	145	159	161	175	183	200	208	220	231	244	258	268	287	304	317	342	357	375	394	417	441	467	490	517	553	577	599	637	683	715	747	799	851	891	947	997	1055	1101	1168	1231	1284	1362	1442	1521	1616	1707	1812	1908	2014	2120
6	6	6	12	12	12	12	12	12	13	14	14	14	14	14	14	25	25	29	29	30	31	32	35	37	38	41	41	44	46	47	50	64	64	68	72	76	80	84	88	88	88	103	108	113	115	120	126	135	143	144	155	161	175	188	199	208	208	226	234	254	270	287	303	317	342	359	373	394	419	437	468	490	517	549	577	600	637	679	713	749	800	851	890	947	996	1051	1103	1168	1231	1284	1367	1439	1519	1615	1706	1808	1907	2013	2118
11	12	12	12	12	12	12	12	13	13	13	13	13	13	17	18	27	28	28	30	30	30	33	35	35	35	40	41	44	45	45	45	64	67	67	69	73	79	79	88	95	100	105	108	113	113	121	123	134	142	154	157	168	175	188	201	208	218	227	236	256	269	287	303	318	343	359	373	395	420	440	460	486	521	550	578	601	639	676	715	749	800	851	893	944	993	1051	1104	1168	1229	1287	1368	1443	1521	1615	1706	1809	1907	2014	2118
9	9	12	12	12	12	12	12	14	14	14	14	16	17	17	18	18	28	28	30	30	30	31	31	31	40	40	44	44	46	47	47	54	64	68	70	73	79	83	83	95	99	104	109	115	116	121	126	133	133	152	156	169	182	187	198	206	218	227	246	257	270	286	304	318	340	360	373	395	423	442	461	486	521	548	580	605	639	676	715	746	800	849	893	946	999	1053	1098	1169	1228	1292	1363	1442	1521	1609	1705	1801	1905	2014	2120
8	8	8	12	12	13	13	13	13	13	15	16	17	17	17	17	18	18	29	29	29	30	32	32	39	40	40	44	46	46	47	53	55	55	65	65	76	80	82	86	94	94	102	109	114	120	123	126	140	146	151	163	169	180	192	198	205	220	227	246	256	271	286	303	333	341	360	378	397	423	440	466	486	520	550	574	605	639	674	715	746	804	850	898	941	999	1053	1096	1169	1229	1294	1365	1436	1519	1611	1700	1808	1906	2014	2125
7	7	7	7	7	7	7	7	7	14	14	16	17	17	17	18	18	23	23	23	29	30	30	30	38	40	42	44	44	44	51	51	51	56	68	68	76	80	82	85	94	99	102	106	113	120	123	130	139	142	155	161	167	181	190	198	210	219	227	245	255	270	289	302	333	338	360	377	397	416	441	465	485	516	550	579	601	638	678	715	743	801	848	896	945	1002	1054	1103	1167	1229	1293	1364	1438	1518	1610	1705	1806	1909	2014	2124
9	9	10	10	10	10	10	10	10	10	10	10	16	16	16	16	20	23	25	25	29	29	31	35	36	41	42	45	47	50	50	51	52	55	65	70	70	76	81	86	87	97	103	106	114	119	121	131	140	145	156	160	167	181	186	198	209	218	224	245	256	263	284	303	331	344	348	379	397	420	441	465	489	520	549	579	601	638	679	709	747	802	840	894	936	998	1053	1105	1160	1231	1293	1367	1436	1519	1610	1708	1807	1908	2007	2122
9	9	9	9	11	13	13	13	16	16	16	16	18	19	19	20	21	22	23	27	29	30	30	35	35	35	35	43	43	43	43	43	43	52	52	52	52	78	83	85	90	91	104	107	114	116	125	131	132	144	157	161	166	181	188	199	208	215	226	247	256	271	288	301	329	345	358	377	397	419	439	464	489	519	549	576	605	640	678	708	747	803	849	895	942	998	1052	1106	1161	1230	1293	1367	1436	1518	1610	1706	1806	1909	2009	2124
5	5	10	10	11	13	14	15	15	15	16	16	18	18	19	19	19	19	19	27	28	28	34	34	37	37	38	44	46	47	47	48	48	63	64	67	73	74	82	82	89	96	103	105	114	120	125	127	132	148	155	161	165	179	187	198	208	218	224	246	254	273	288	301	329	344	358	378	399	419	440	464	489	518	548	579	609	636	678	711	760	801	848	895	941	996	1054	1106	1162	1229	1293	1367	1431	1521	1609	1703	1808	1908	2009	2108
9	10	10	10	11	11	11	15	15	16	16	18	18	19	21	21	21	21	21	28	31	33	33	33	38	38	41	42	42	42	47	57	60	62	64	64	73	75	82	87	90	96	101	105	114	121	123	131	137	147	157	160	166	181	188	197	208	218	233	247	260	275	287	305	329	343	357	375	400	419	434	467	487	521	552	577	607	640	677	714	757	802	848	896	948	999	1052	1108	1162	1230	1293	1367	1431	1517	1610	1703	1808	1909	2011	2108
10	10	10	10	10	10	10	14	14	14	14	14	14	19	21	24	26	26	26	26	29	29	34	36	37	39	40	42	43	47	53	58	60	62	66	70	73	75	83	87	89	96	97	105	111	119	126	133	137	149	156	159	173	181	185	198	208	217	231	247	260	275	287	305	330	343	358	377	399	422	440	459	491	521	552	577	606	643	677	702	760	806	850	892	947	998	1046	1105	1162	1229	1292	1365	1432	1517	1608	1705	1807	1909	2002	2106
8	8	8	10	10	10	10	10	14	15	15	16	16	16	21	21	24	24	24	24	27	31	31	36	36	39	40	43	46	47	53	56	59	62	65	65	74	75	82	86	90	91	98	98	110	119	124	133	140	150	157	157	173	179	187	194	207	221	236	247	259	274	288	313	325	342	358	374	399	414	439	466	492	522	552	576	607	643	675	719	756	806	849	893	946	999	1049	1106	1163	1230	1291	1367	1429	1517	1608	1703	1800	1907	2008	2106
8	9	10	10	10	10	10	10	11	15	16	16	19	21	21	21	24	24	25	26	27	27	33	33	36	36	36	44	46	49	52	56	56	56	66	68	74	80	82	86	87	92	98	104	112	119	124	133	140	149	149	159	173	179	188	194	213	221	235	248	259	274	290	307	332	343	356	375	397	418	439	466	490	520	552	576	605	643	671	721	763	806	849	894	948	998	1049	1108	1160	1213	1291	1367	1434	1513	1608	1705	1804	1907	2009	2105
9	9	9	9	9	9	9	10	10	10	16	17	21	21	21	22	22	22	25	25	25	27	33	34	34	36	36	38	45	49	52	56	59	62	62	72	75	80	84	87	87	91	98	99	110	119	124	132	141	149	157	161	174	182	188	197	213	220	235	246	258	274	289	308	326	340	357	366	402	416	438	470	491	521	553	573	611	643	665	720	764	808	847	893	948	998	1050	1102	1162	1219	1279	1368	1435	1515	1609	1709	1802	1906	2009	2108
3	3	3	3	3	3	3	11	13	13	13	13	13	13	13	13	13	24	24	25	25	25	28	28	35	36	37	39	45	46	52	56	59	59	64	69	76	80	83	87	89	93	98	104	110	119	120	133	138	146	156	160	173	182	189	197	211	221	234	248	263	273	291	308	331	342	357	381	402	414	438	470	494	519	550	570	613	644	686	720	765	809	848	886	944	999	1050	1109	1161	1221	1278	1368	1434	1516	1609	1709	1803	1901	2005	2109
7	7	7	7	9	10	10	11	13	14	14	14	14	14	14	15	15	15	25	25	26	27	28	30	34	34	38	39	39	48	52	56	59	63	63	69	70	80	83	87	90	91	99	104	106	119	128	129	137	145	156	162	175	182	189	199	211	221	239	248	264	276	288	308	329	342	349	380	402	418	439	471	494	524	550	573	611	644	681	719	761	809	840	889	945	999	1045	1109	1161	1221	1285	1368	1428	1515	1609	1710	1798	1904	2006	2107
6	7	7	7	7	7	7	7	7	14	14	14	14	14	14	14	14	14	25	26	27	28	28	29	29	29	37	39	43	46	46	46	46	62	66	69	69	78	83	85	90	94	98	100	107	113	125	125	137	140	157	162	172	181	189	199	211	226	239	248	264	275	289	298	330	342	358	382	401	418	443	470	499	523	552	573	607	642	682	719	760	807	844	891	945	997	1044	1104	1158	1222	1286	1368	1429	1517	1610	1709	1796	1903	2004	2114
5	5	5	5	5	5	5	11	11	11	11	14	15	15	16	17	23	24	24	24	24	29	29	29	29	30	34	39	43	47	48	49	53	60	65	68	69	77	81	84	91	94	94	100	107	121	126	137	138	148	155	167	173	179	187	199	211	226	237	245	264	270	290	305	329	343	356	384	402	423	443	465	499	523	551	575	609	642	684	719	760	804	845	882	943	997	1045	1104	1163	1218	1283	1363	1438	1514	1608	1710	1799	1903	1998	2113
6	6	6	6	6	6	10	11	11	11	11	11	11	15	15	15	24	24	26	28	28	28	30	30	30	31	34	39	39	46	46	50	51	51	51	65	69	77	82	87	89	93	97	100	109	122	124	137	145	147	155	166	173	181	186	198	213	227	238	246	260	272	285	301	330	343	356	384	402	423	441	467	498	520	542	573	608	639	684	716	760	805	844	888	944	997	1048	1107	1163	1224	1287	1365	1438	1517	1609	1709	1800	1902	2000	2120
7	7	8	9	9	9	9	13	13	13	13	13	13	13	23	23	25	26	28	29	29	30	30	30	30	30	30	36	39	47	47	50	51	56	57	59	65	77	82	85	89	95	97	99	110	121	129	135	145	150	158	169	175	181	189	199	210	227	238	245	261	272	289	300	330	335	358	382	404	421	440	466	498	524	549	573	615	639	685	718	761	806	847	888	944	997	1048	1105	1164	1224	1287	1365	1439	1518	1611	1702	1800	1906	1999	2117
4	4	4	4	11	11	12	12	12	12	12	17	17	23	23	23	25	25	27	29	29	30	31	31	31	35	36	37	37	43	49	49	54	54	57	59	66	69	69	86	89	89	99	106	112	123	126	137	145	147	158	169	173	182	188	199	209	228	235	247	260	268	290	308	330	338	358	384	404	421	444	463	498	525	547	579	616	634	685	716	759	801	847	887	942	999	1048	1105	1165	1224	1285	1365	1435	1518	1611	1707	1797	1900	1998	2117
8	8	11	11	11	11	13	13	15	16	16	17	17	23	24	24	24	26	27	27	27	27	30	32	33	35	35	35	39	43	50	51	55	55	57	59	68	68	79	87	89	89	89	105	109	124	124	136	145	145	158	167	175	178	188	199	211	225	236	247	260	269	284	307	330	336	366	383	405	421	443	462	497	521	547	579	616	648	679	717	759	801	849	894	943	999	1045	1105	1164	1225	1287	1365	1438	1519	1613	1697	1797	1902	1996	2115
10	10	11	11	12	12	12	12	12	12	12	20	20	23	23	23	26	26	26	26	28	28	30	30	33	36	38	38	38	42	50	50	54	54	57	59	67	77	80	83	89	95	97	108	115	124	131	136	142	150	157	167	172	178	186	192	204	225	234	248	258	276	290	307	330	343	366	385	404	420	443	464	496	523	547	579	613	648	682	714	758	800	848	893	941	1001	1045	1107	1163	1225	1287	1365	1437	1520	1611	1702	1793	1895	1996	2122
10	10	10	12	12	14	14	14	14	14	20	21	22	22	23	25	26	26	27	27	28	28	28	33	33	34	39	40	40	40	44	53	54	55	55	62	64	75	80	85	88	95	102	107	114	123	131	134	138	148	157	165	172	180	187	187	206	224	241	247	261	276	288	305	314	338	367	385	404	420	445	465	498	523	546	573	615	649	680	723	764	804	848	893	945	1000	1046	1106	1163	1224	1290	1359	1433	1518	1614	1702	1794	1901	1995	2120
3	10	11	12	14	14	14	14	19	20	20	22	22	23	24	24	24	24	26	26	26	33	33	33	33	33	33	39	41	43	44	53	54	54	62	64	73	73	79	85	86	94	102	108	114	120	126	134	141	148	157	165	172	180	184	194	207	227	241	249	261	276	285	306	316	342	364	387	404	419	446	458	498	523	547	577	615	648	681	725	763	804	837	893	945	999	1050	1107	1166	1225	1290	1358	1434	1516	1616	1703	1798	1901	2000	2120
7	7	11	11	14	15	17	19	19	19	21	22	23	23	23	23	23	25	25	29	33	33	34	34	36	37	38	39	39	39	39	53	54	60	60	64	72	75	82	84	85	93	105	111	116	119	131	136	142	142	152	165	170	180	185	193	206	219	242	249	259	276	286	306	315	344	366	381	405	419	443	471	497	517	547	576	615	646	687	725	758	800	843	894	939	999	1050	1102	1165	1227	1291	1360	1437	1510	1615	1694	1797	1905	2002	2118
8	8	10	10	12	12	16	16	16	16	16	21	23	24	24	24	24	25	29	29	34	34	35	35	35	35	35	39	39	39	52	52	55	60	64	64	73	75	81	84	88	94	102	110	117	124	128	135	142	145	153	165	168	181	185	190	207	222	242	252	259	276	282	305	314	343	365	383	399	416	442	473	499	519	546	582	616	649	688	725	750	798	844	894	941	999	1050	1106	1162	1223	1291	1355	1437	1521	1616	1701	1798	1905	2004	2120
3	3	3	3	3	14	14	14	14	14	14	21	23	25	25	25	25	29	30	33	33	34	35	37	38	38	38	38	38	51	51	52	59	59	69	70	70	73	81	84	92	92	100	111	113	125	126	134	140	146	152	162	170	175	184	194	208	222	240	251	259	272	288	305	319	343	364	381	403	426	442	465	499	517	552	583	617	653	686	727	757	800	845	893	944	996	1051	1106	1162	1223	1289	1355	1435	1524	1616	1700	1800	1901	2008	2119
11	11	11	13	14	14	16	16	16	18	20	21	21	25	27	28	29	29	31	32	32	32	35	37	38	39	39	46	47	49	49	52	58	62	69	70	71	73	78	78	95	99	103	110	114	123	129	136	139	143	154	164	172	178	183	189	203	221	242	252	257	275	288	301	320	343	364	380	403	426	442	466	494	521	553	582	617	653	685	721	757	800	845	893	943	996	1051	1104	1162	1223	1293	1355	1441	1522	1616	1704	1798	1901	2006	2121
10	10	11	11	14	14	15	15	16	17	17	17	21	23	23	28	28	28	31	31	31	31	35	36	38	38	42	46	47	51	51	53	61	66	69	70	72	76	79	83	95	95	103	110	112	122	129	134	140	149	150	166	171	177	184	191	201	220	242	252	261	275	284	301	320	348	360	378	402	426	443	466	494	525	549	583	616	652	684	728	758	799	843	895	945	998	1047	1105	1160	1229	1292	1356	1440	1523	1616	1707	1797	1890	2003	2121
10	10	10	10	10	10	14	14	14	14	18	18	18	18	18	18	18	18	29	32	32	35	35	35	39	40	40	40	46	51	52	56	56	65	67	71	71	76	79	83	94	95	102	108	120	126	129	136	139	147	151	166	172	180	184	192	200	221	239	247	264	275	290	309	318	348	364	381	396	428	442	466	497	525	553	586	616	648	686	726	756	796	844	897	937	995	1053	1105	1163	1230	1291	1356	1443	1523	1614	1707	1797	1898	2003	2121
12	12	12	12	13	14	14	14	14	14	14	18	19	19	19	19	19	19	29	29	34	36	36	37	37	37	45	45	50	52	56	56	60	65	67	71	76	76	80	80	93	99	104	109	121	126	131	133	140	147	158	162	173	180	184	192	212	218	230	246	263	278	290	308	325	349	357	382	401	423	452	471	492	523	550	587	605	648	686	726	759	796	844	889	938	995	1053	1103	1162	1219	1288	1352	1441	1530	1614	1708	1795	1898	2002	2121
12	12	12	12	12	12	12	14	14	14	14	16	19	19	19	19	19	19	19	19	33	33	36	37	38	38	44	44	50	50	56	56	60	64	65	68	68	78	83	88	92	99	104	106	121	128	130	133	140	147	158	161	173	177	182	184	212	221	226	254	263	277	294	306	328	349	359	382	398	426	450	471	500	524	553	588	614	652	685	724	756	797	845	882	939	995	1052	1103	1158	1222	1289	1349	1443	1530	1617	1705	1799	1893	2001	2118
12	12	12	12	12	12	12	14	16	16	16	18	18	18	18	19	19	19	22	23	23	33	33	37	40	43	45	45	51	54	56	60	62	63	67	72	74	75	83	88	96	101	104	112	117	128	131	135	140	149	160	164	170	178	184	202	210	221	230	254	256	278	294	308	327	346	362	381	398	426	450	471	499	523	551	587	615	652	687	726	756	796	842	883	941	994	1052	1104	1161	1228	1288	1352	1445	1530	1619	1706	1797	1887	2001	2112
8	8	8	8	12	13	13	14	17	18	18	19	19	19	19	19	20	22	22	22	23	26	26	33	39	44	44	47	51	54	57	61	62	62	68	71	74	75	84	88	93	93	93	112	114	122	131	135	144	147	160	164	172	174	184	202	212	222	229	254	262	276	291	306	326	346	362	387	399	428	453	470	498	529	557	587	615	651	687	723	755	795	839	883	941	992	1052	1098	1154	1229	1289	1364	1446	1532	1619	1705	1805	1897	2004	2113
9	9	9	10	10	13	13	14	14	14	18	18	18	18	18	18	20	23	23	23	25	25	25	25	40	40	40	49	52	52	52	58	61	65	65	65	73	79	83	87	93	97	108	109	109	109	124	135	143	148	159	164	172	177	194	201	212	223	230	254	264	277	291	308	326	346	361	386	398	428	445	470	501	528	556	583	612	654	686	728	757	796	838	881	938	989	1052	1100	1161	1228	1288	1362	1446	1530	1615	1702	1802	1890	2007	2112
9	10	10	10	10	10	13	14	14	15	15	15	15	15	15	15	15	15	15	23	24	24	24	24	24	40	40	40	40	40	52	58	63	65	66	67	69	77	80	85	94	96	107	107	114	119	124	131	139	145	154	166	170	176	194	203	212	222	231	235	264	277	292	307	326	349	365	385	407	433	450	470	503	529	553	588	607	654	686	727	757	795	842	888	940	991	1051	1090	1161	1228	1288	1366	1444	1525	1618	1702	1801	1891	2006	2115
10	10	10	11	12	12	13	13	13	14	15	15	15	15	15	17	17	18	18	18	24	24	26	27	27	27	27	27	40	40	52	52	52	52	52	69	71	73	77	87	93	100	108	112	116	122	127	133	139	143	156	166	171	183	194	203	207	223	230	239	264	278	292	302	327	349	363	385	408	434	451	471	502	529	557	588	612	654	686	728	757	795	848	888	938	991	1051	1104	1162	1227	1290	1365	1440	1531	1616	1699	1805	1888	2012	2115
6	6	10	10	10	10	10	13	14	14	15	16	16	16	16	16	16	18	20	22	24	25	26	30	32	33	34	36	40	40	45	55	55	59	60	66	71	74	81	86	93	98	104	111	118	122	129	130	137	146	156	163	169	185	193	202	211	223	229	236	264	277	291	303	327	342	367	387	408	434	453	468	504	530	554	585	614	654	689	729	757	793	848	888	942	988	1051	1104	1161	1227	1287	1365	1448	1532	1616	1703	1805	1888	2014	2115
8	8	8	8	8	10	11	12	12	14	14	14	14	14	17	17	17	20	20	20	20	20	27	30	30	30	34	35	40	41	44	55	56	56	61	67	72	74	74	74	88	98	106	106	118	124	126	133	135	146	149	164	175	175	194	202	212	218	229	237	259	272	290	302	327	342	367	384	399	433	450	469	504	530	552	583	612	654	690	728	754	799	849	886	937	994	1044	1104	1162	1227	1288	1366	1451	1532	1602	1702	1804	1884	2014	2115
9	9	9	9	10	10	10	12	12	12	12	12	14	17	17	19	20	20	21	21	25	27	30	30	30	33	33	33	36	41	42	55	56	61	61	66	66	77	80	82	88	98	106	111	116	123	128	132	135	146	149	161	174	184	195	204	213	221	227	238	261	274	289	296	327	342	358	384	405	433	454	463	503	529	553	585	620	654	689	719	755	799	849	893	937	995	1047	1100	1160	1224	1289	1362	1451	1527	1610	1702	1801	1899	2007	2118
8	9	9	10	10	11	11	11	11	11	12	12	13	17	19	19	19	19	19	24	24	24	29	30	32	33	33	36	38	38	38	47	55	61	62	63	67	76	81	82	82	82	98	110	116	120	129	132	140	142	159	164	174	186	195	205	212	223	227	238	259	274	289	302	325	338	361	385	406	430	453	475	502	529	548	585	620	652	689	722	752	802	846	893	938	995	1039	1098	1160	1224	1286	1363	1451	1527	1607	1702	1804	1899	2011	2115
9	10	10	10	10	10	10	10	10	10	12	12	17	18	18	18	21	21	23	24	24	26	27	30	30	34	35	35	35	43	46	46	58	61	61	64	68	76	76	82	84	88	99	110	115	118	125	131	140	147	159	164	172	182	193	205	213	219	225	236	248	272	285	303	326	340	360	385	403	432	454	480	504	530	555	586	620	651	686	721	756	803	844	891	935	994	1045	1101	1160	1224	1292	1362	1446	1528	1610	1701	1805	1899	2011	2116
7	7	7	7	7	10	10	10	10	10	10	10	17	19	19	19	20	20	23	26	26	26	29	30	30	33	34	39	39	43	44	50	50	58	62	64	67	70	78	82	82	82	99	99	114	119	123	135	138	145	160	162	177	182	195	199	213	220	228	235	255	272	285	303	325	334	360	385	407	431	451	480	505	522	556	585	624	652	687	723	758	802	846	889	941	994	1044	1100	1150	1225	1290	1362	1453	1529	1613	1704	1804	1900	2010	2116
5	5	5	5	5	8	8	13	15	15	15	16	17	17	17	19	21	21	21	21	21	28	29	30	33	33	37	38	42	44	46	50	51	51	61	63	65	70	78	82	83	88	99	101	113	118	123	135	142	148	160	166	178	184	196	202	213	220	228	245	257	269	285	303	320	335	361	383	408	428	454	471	503	521	556	584	620	651	685	721	759	801	847	889	940	994	1046	1102	1158	1225	1291	1372	1452	1529	1614	1704	1800	1899	2010	2117
7	7	7	8	8	8	13	13	13	16	16	16	16	16	16	16	16	22	23	24	24	28	29	31	33	36	37	42	42	42	42	42	51	51	62	62	69	70	73	79	87	89	89	103	113	119	123	135	142	149	159	166	174	185	191	202	213	218	230	244	257	269	286	299	321	338	357	383	408	429	454	472	504	525	556	584	621	654	684	723	759	802	845	885	942	995	1045	1102	1157	1225	1291	1372	1454	1529	1615	1704	1797	1896	2010	2117
4	4	4	4	4	13	13	15	16	16	17	19	20	20	22	22	22	22	23	23	23	29	29	29	33	33	33	40	42	48	48	49	49	51	64	65	69	72	73	80	87	88	95	103	105	119	124	130	136	150	150	162	174	186	191	202	214	218	231	244	257	270	287	299	321	339	358	385	405	427	454	473	505	523	542	582	614	657	685	718	760	801	847	886	942	998	1046	1102	1153	1225	1286	1372	1448	1530	1615	1698	1805	1902	2007	2118
8	8	8	12	13	13	13	13	13	13	16	16	20	21	22	23	23	23	23	26	28	28	28	28	28	35	37	41	41	47	49	49	51	53	64	66	68	71	76	77	88	90	95	103	103	105	124	132	133	149	153	164	177	185	194	202	214	224	232	246	257	271	286	300	321	338	358	386	407	425	454	473	502	523	551	583	617	654	686	724	759	803	841	887	943	993	1046	1102	1161	1222	1289	1369	1447	1529	1611	1707	1803	1902	2006	2114
11	11	11	11	11	11	11	11	11	11	16	16	20	20	22	24	24	25	25	25	28	28	28	34	34	37	37	41	41	47	47	47	47	58	64	66	66	71	72	77	77	90	94	94	105	112	124	131	134	150	154	164	173	182	195	202	214	224	229	246	254	271	286	300	313	337	357	384	407	425	454	473	503	526	555	585	617	655	684	723	760	803	843	887	938	994	1042	1102	1161	1227	1297	1372	1444	1529	1618	1707	1802	1900	2006	2113
9	9	12	12	12	14	14	14	14	14	14	16	16	20	21	21	21	25	25	25	25	29	33	34	35	38	40	44	46	46	47	48	54	58	62	66	68	70	75	79	80	90	95	98	105	109	125	128	136	138	154	164	174	182	193	203	209	222	225	245	258	271	279	300	314	337	352	383	407	428	449	472	503	525	555	578	616	654	685	724	760	803	846	894	932	994	1047	1100	1158	1228	1296	1375	1446	1528	1613	1705	1804	1901	2006	2116
8	8	8	12	12	13	13	13	13	13	14	14	14	14	20	20	20	20	20	26	28	29	29	29	29	29	29	44	44	44	44	44	54	58	58	63	63	71	75	79	82	83	95	95	101	111	111	128	136	140	156	162	175	183	193	204	213	222	232	245	257	270	284	302	311	339	354	384	399	430	448	469	500	525	554	584	617	654	683	722	761	797	846	895	937	995	1047	1101	1162	1227	1291	1370	1446	1535	1617	1707	1804	1900	2003	2116
7	7	7	8	8	8	8	8	8	8	8	8	8	20	20	20	24	25	26	27	28	28	28	28	28	34	36	44	47	49	52	53	53	57	61	66	67	71	76	79	81	81	94	97	101	109	116	127	137	139	151	161	168	179	194	204	212	224	234	246	258	270	280	300	314	338	354	384	399	430	447	462	498	525	555	584	619	651	683	725	760	801	846	895	934	991	1043	1101	1162	1229	1293	1373	1446	1535	1615	1705	1803	1903	2012	2116
7	7	7	7	7	7	7	7	7	7	7	7	7	21	23	24	24	24	24	24	28	28	30	34	34	34	35	42	42	49	49	53	54	58	61	67	67	71	73	79	82	85	91	97	101	110	115	126	136	139	151	158	167	181	195	201	211	220	235	246	258	269	281	300	313	337	353	369	398	423	448	467	499	524	551	580	616	651	680	725	754	801	837	889	934	992	1043	1104	1162	1227	1290	1373	1446	1534	1616	1705	1805	1903	2012	2116
10	10	10	10	10	11	12	12	12	16	18	19	19	21	23	23	24	24	26	26	27	30	30	34	34	35	40	40	42	42	49	49	49	57	61	66	69	71	73	80	82	87	91	92	100	110	114	127	137	140	146	158	172	179	192	203	212	221	235	246	258	269	281	298	310	337	354	371	399	425	449	468	499	525	554	581	617	647	686	726	762	802	847	894	931	991	1042	1100	1162	1222	1294	1373	1446	1535	1616	1706	1805	1905	2014	2113
8	8	8	8	8	11	13	14	16	16	16	16	16	21	21	24	24	24	25	27	28	28	28	35	35	39	39	39	39	42	50	51	54	56	61	64	69	72	73	74	82	87	90	96	102	102	112	112	132	137	149	160	169	180	193	205	213	223	229	246	257	271	281	299	314	333	353	372	393	425	448	468	500	522	556	578	618	646	686	726	762	801	846	894	933	991	1045	1104	1162	1230	1298	1375	1449	1536	1611	1703	1806	1904	2012	2112
8	8	9	10	10	10	10	14	15	16	17	17	18	21	22	23	23	24	24	25	25	28	32	32	37	39	39	41	42	48	50	54	54	56	61	65	69	71	73	76	81	87	89	96	101	103	114	119	122	142	148	160	164	183	194	200	213	222	233	248	258	268	282	300	314	334	354	371	396	423	444	468	500	525	557	582	618	651	686	726	762	801	845	891	939	980	1045	1104	1163	1230	1304	1373	1448	1536	1614	1709	1797	1908	2014	2111
7	8	8	10	10	10	11	12	15	15	15	17	17	17	23	23	23	23	24	27	27	27	27	34	37	39	39	39	43	49	52	54	54	57	62	65	65	71	71	80	85	87	87	98	101	105	117	122	131	142	150	155	168	185	195	203	210	217	234	251	258	271	285	298	316	333	353	371	395	424	444	468	500	526	556	581	609	649	688	724	762	802	850	885	936	982	1046	1103	1160	1231	1304	1378	1451	1536	1614	1707	1800	1907	2014	2112
2	2	2	2	2	2	2	2	16	16	16	16	18	18	22	23	23	23	26	27	32	34	34	34	37	39	41	41	41	47	52	53	54	55	62	66	68	72	73	79	83	87	87	98	100	105	118	124	129	145	150	157	167	183	187	201	211	220	234	248	258	269	285	303	316	333	355	368	388	424	439	469	494	526	553	580	610	648	687	725	764	801	852	890	936	980	1035	1100	1160	1230	1303	1378	1451	1535	1609	1707	1800	1903	2014	2106
7	7	7	8	9	9	9	9	9	9	9	17	17	17	17	24	24	24	24	30	32	34	35	35	38	38	38	43	44	47	50	53	55	55	62	64	68	70	73	79	83	91	93	97	102	103	117	124	132	135	152	158	162	181	189	201	212	220	236	243	259	271	288	303	315	335	350	375	389	424	442	470	495	524	554	579	611	650	687	725	764	805	849	890	935	979	1038	1099	1160	1231	1303	1378	1451	1536	1615	1707	1800	1907	2010	2115
6	6	6	6	6	6	6	6	6	16	17	17	17	17	17	17	17	17	17	30	32	34	34	35	35	35	43	44	47	49	49	49	54	59	62	62	69	69	69	80	81	90	94	96	100	111	117	122	131	135	152	157	162	181	189	199	209	220	228	245	259	271	287	304	313	335	353	375	386	424	442	468	486	527	556	579	607	640	679	724	760	805	851	890	932	983	1037	1105	1160	1229	1301	1370	1454	1533	1615	1707	1801	1907	2009	2114
10	11	11	11	11	13	15	15	16	16	16	16	16	17	18	18	24	25	30	30	30	34	34	37	38	42	43	43	45	47	49	50	58	58	61	64	64	75	79	80	81	91	94	96	100	112	117	122	127	136	149	157	168	181	189	198	211	220	226	242	259	268	287	302	322	335	350	373	395	415	441	466	484	525	551	580	609	643	680	725	763	804	847	891	933	982	1040	1104	1162	1231	1301	1370	1454	1536	1608	1704	1800	1904	2009	2119
9	9	9	11	11	11	14	14	15	15	15	15	15	15	15	24	24	28	30	30	32	32	37	38	42	42	43	44	45	47	48	52	58	58	62	69	72	75	78	79	85	90	93	96	96	112	118	122	129	136	153	156	168	174	189	200	210	221	227	243	257	268	290	303	322	338	356	369	394	415	442	469	483	516	552	581	609	643	680	725	767	806	848	891	933	981	1040	1105	1162	1231	1306	1372	1440	1536	1612	1704	1803	1902	2002	2119
9	9	9	10	10	10	12	12	15	15	15	15	15	15	23	26	26	28	28	30	30	34	38	38	41	41	43	44	44	44	44	58	60	61	61	68	70	75	75	78	86	87	91	96	96	112	117	122	129	134	152	160	167	174	186	199	210	222	229	240	257	270	291	301	318	336	355	365	393	415	446	468	488	518	552	579	609	644	674	721	766	806	849	888	937	982	1040	1093	1160	1233	1306	1372	1450	1533	1612	1699	1802	1909	2005	2119
8	8	8	8	8	8	11	11	14	14	14	19	22	23	24	26	27	28	30	31	32	34	34	38	42	43	44	45	47	53	53	58	58	63	66	68	68	73	73	81	82	88	93	97	106	107	116	124	130	134	152	160	166	172	185	197	209	222	228	241	257	270	288	304	319	337	355	369	394	411	438	466	486	519	556	582	610	642	677	724	763	804	849	887	938	980	1035	1095	1162	1232	1308	1370	1447	1530	1612	1698	1803	1907	2004	2115
8	8	8	8	9	9	12	14	14	14	18	19	20	20	24	25	25	25	30	30	32	33	33	34	34	34	34	45	48	51	51	56	59	60	60	68	69	69	76	79	82	89	93	97	106	114	119	123	129	136	150	158	165	171	189	199	209	217	228	240	252	271	289	305	319	336	355	368	389	413	440	467	482	519	554	582	610	641	677	724	763	797	847	889	938	980	1044	1095	1159	1232	1309	1374	1454	1532	1611	1699	1801	1906	2006	2114
7	8	8	8	8	8	8	8	16	18	18	19	20	21	21	21	21	21	25	30	30	30	30	36	39	39	44	47	47	52	55	55	60	61	64	66	69	71	76	78	81	81	93	102	106	112	115	125	126	136	150	156	165	172	189	197	210	221	230	241	254	267	289	299	316	339	356	368	387	406	441	466	485	514	554	582	609	644	678	725	763	805	850	888	939	980	1043	1095	1163	1233	1312	1367	1453	1534	1611	1699	1800	1907	2004	2116
8	8	8	14	14	14	14	15	15	16	18	18	18	18	21	21	24	25	25	25	31	32	33	37	40	44	45	47	49	53	54	55	57	60	65	65	69	71	71	78	78	88	97	104	106	112	115	121	130	137	150	155	165	173	186	196	210	219	230	240	254	267	279	299	317	336	348	368	389	409	441	466	484	515	554	582	607	644	674	721	763	805	850	889	939	981	1042	1097	1159	1232	1312	1376	1454	1533	1610	1700	1804	1898	2006	2116
10	11	13	14	14	14	15	15	15	15	15	15	15	18	18	21	21	21	26	27	30	31	32	37	39	45	45	47	50	51	54	54	55	55	65	67	67	67	77	80	86	88	97	102	106	114	117	121	128	132	144	156	166	173	179	198	211	219	232	238	250	265	279	299	316	337	349	369	391	409	439	466	486	513	541	579	605	641	671	721	763	810	851	890	938	982	1043	1094	1156	1234	1307	1376	1454	1535	1610	1700	1802	1898	2003	2116
8	8	8	14	14	14	14	14	15	16	16	16	16	16	16	16	16	16	26	26	27	31	32	32	32	39	46	47	50	50	50	54	58	62	64	65	65	75	77	77	82	87	97	101	104	104	118	123	127	130	145	154	167	172	181	197	204	216	230	240	254	268	281	296	317	337	351	367	390	415	433	466	484	513	544	572	607	632	678	718	761	810	837	891	926	977	1040	1097	1158	1234	1307	1374	1457	1535	1613	1699	1801	1896	2005	2116
8	12	12	14	14	14	15	15	15	15	15	16	16	16	16	18	18	18	18	26	26	31	31	31	33	33	45	49	51	52	52	52	59	62	63	68	73	75	77	81	83	89	96	101	104	106	117	122	127	133	145	153	162	172	180	193	200	216	231	244	251	268	279	299	317	338	354	369	389	413	434	466	485	516	542	578	610	636	677	720	761	810	839	887	935	984	1046	1097	1161	1234	1301	1376	1448	1534	1612	1704	1790	1896	2003	2116
10	10	10	10	10	14	15	15	15	15	15	16	17	17	18	18	19	19	19	26	27	27	27	27	32	32	32	45	50	53	55	58	58	60	60	70	73	77	80	81	85	88	96	102	104	107	109	123	127	129	146	154	164	172	181	193	201	216	232	242	254	269	279	300	316	337	354	369	388	414	433	451	476	511	542	576	611	637	679	720	748	810	840	887	938	986	1044	1099	1161	1230	1301	1377	1450	1535	1612	1703	1797	1892	2006	2118
2	2	2	2	10	10	10	10	10	10	10	10	16	17	18	18	19	19	20	21	26	26	27	27	30	32	38	38	38	51	55	56	60	62	62	68	73	78	79	82	84	89	97	101	103	107	109	123	125	139	146	155	160	171	175	194	200	211	230	242	255	268	275	296	317	337	355	370	389	414	430	451	487	510	534	579	609	636	678	721	756	806	842	885	940	982	1044	1092	1160	1227	1302	1377	1450	1535	1611	1703	1796	1899	2006	2118
4	7	7	7	7	7	10	11	11	11	15	15	16	16	16	16	16	16	19	19	22	22	28	30	30	30	37	37	37	37	37	56	60	62	65	68	69	77	77	77	82	89	96	96	103	103	119	122	122	139	146	151	165	174	178	194	199	211	230	243	255	268	280	297	318	336	354	371	390	414	433	453	486	512	539	580	611	646	679	712	754	804	847	886	937	985	1049	1099	1158	1227	1304	1377	1450	1535	1611	1693	1800	1899	2000	2118
7	7	8	8	8	9	9	9	14	14	14	14	14	14	14	14	16	19	20	22	22	24	26	26	26	31	38	39	39	42	43	47	47	62	65	66	73	74	78	82	87	92	98	102	110	113	121	127	135	139	145	156	166	173	178	187	198	214	224	241	255	264	282	297	317	335	349	371	393	413	431	458	486	510	539	579	610	646	679	711	754	804	847	888	935	988	1048	1098	1162	1231	1304	1378	1450	1524	1610	1698	1800	1899	2000	2126
4	4	4	4	4	4	4	13	14	14	14	15	16	16	16	16	16	20	22	23	23	23	26	29	30	31	38	38	40	43	45	45	53	60	63	65	73	75	79	82	86	86	98	102	110	114	121	127	134	141	146	155	165	173	176	188	202	218	226	239	253	267	276	297	319	335	353	370	393	413	431	460	479	514	541	581	609	646	678	715	755	801	848	886	938	991	1049	1098	1163	1231	1301	1377	1451	1526	1604	1703	1801	1899	2002	2123
4	4	7	7	7	7	7	13	13	15	15	15	15	16	17	17	19	19	22	22	22	26	29	29	30	30	33	38	42	43	43	43	53	60	63	68	72	73	79	83	84	91	92	104	110	114	120	128	134	137	148	153	165	173	180	188	199	204	221	241	253	268	280	293	306	334	353	372	393	414	429	460	487	514	538	574	607	644	679	717	755	801	846	883	939	990	1047	1106	1163	1230	1300	1371	1452	1527	1605	1698	1801	1897	1998	2124
7	7	7	11	11	11	12	12	14	14	14	16	16	16	16	16	16	21	21	24	24	24	29	30	30	30	30	30	40	42	44	50	53	58	64	66	71	71	79	82	86	91	93	103	104	104	119	123	129	137	148	154	162	171	179	188	198	213	225	240	256	266	278	293	314	334	354	371	397	413	433	457	488	514	544	576	610	650	679	714	753	799	845	888	932	991	1050	1107	1163	1234	1301	1375	1449	1529	1611	1695	1801	1892	1998	2122
10	10	10	10	10	10	10	10	10	15	16	16	16	19	19	20	20	20	23	23	23	28	29	29	29	32	32	36	38	38	43	52	53	53	59	68	73	75	76	83	85	92	94	100	107	112	115	124	129	139	149	150	160	169	179	186	195	212	224	244	256	262	280	295	313	331	354	373	402	410	431	452	483	514	542	576	610	650	681	717	752	800	845	887	932	989	1044	1105	1162	1234	1301	1376	1451	1527	1612	1695	1799	1899	1999	2121
8	8	8	8	8	8	13	13	15	16	16	16	16	19	19	19	21	23	24	25	26	29	30	31	31	33	34	38	38	38	50	52	54	54	54	68	71	71	77	78	85	92	93	102	107	112	117	123	131	140	147	155	166	171	181	190	199	212	224	244	255	264	280	295	313	332	355	364	393	413	437	457	484	506	542	569	606	650	679	717	755	788	846	886	934	989	1044	1105	1162	1234	1302	1378	1450	1528	1611	1697	1800	1899	2001	2122
9	9	11	12	12	13	13	14	14	16	17	17	18	19	19	21	21	21	23	25	28	29	29	30	31	31	35	37	38	40	49	51	52	65	67	68	69	72	78	78	85	90	95	96	107	112	117	124	131	131	149	155	166	169	180	190	196	210	222	240	254	264	282	295	313	331	351	370	395	407	436	456	484	509	540	571	606	650	679	713	755	788	839	886	934	989	1042	1106	1160	1232	1301	1378	1446	1523	1611	1698	1800	1899	2004	2122
9	9	9	9	9	9	13	14	16	16	16	18	18	19	19	21	21	22	23	25	26	28	28	30	30	34	35	37	37	39	49	52	61	62	65	68	68	68	77	78	85	85	96	97	105	111	111	122	133	136	147	155	166	172	181	185	203	211	227	233	255	265	279	293	313	334	354	369	395	416	439	456	486	508	540	571	606	648	679	718	755	789	840	882	934	987	1040	1107	1163	1238	1299	1378	1449	1527	1610	1694	1798	1902	2001	2122
9	12	12	12	12	13	13	14	14	14	18	18	18	18	20	20	21	21	23	23	23	23	28	29	32	33	35	35	38	49	49	49	61	63	65	67	73	74	75	78	84	85	95	97	100	111	113	127	133	136	147	156	166	172	183	190	203	211	222	238	254	266	279	293	310	334	351	370	396	416	438	459	487	509	540	570	605	651	684	719	754	789	840	888	934	987	1034	1106	1166	1238	1304	1379	1445	1527	1613	1693	1792	1901	1997	2120
12	12	12	12	13	13	13	14	14	15	18	19	20	20	20	21	21	22	22	24	24	24	24	24	31	33	33	33	33	49	55	58	61	63	65	71	72	74	74	80	82	85	89	96	96	105	111	126	132	135	142	155	163	174	183	183	203	209	222	236	250	265	279	294	310	333	351	369	393	413	438	460	480	507	539	569	602	649	685	719	754	785	840	890	933	984	1039	1105	1164	1236	1303	1377	1446	1527	1614	1694	1794	1901	2009	2120
12	12	12	12	12	12	12	13	13	18	19	19	19	20	20	20	20	20	20	20	20	28	28	29	31	31	31	31	48	48	49	55	58	64	68	71	72	75	77	80	83	86	90	96	103	107	121	122	133	140	148	155	163	177	183	190	206	211	223	238	247	262	278	289	312	333	347	370	393	416	434	460	481	507	539	569	604	649	686	716	755	793	841	888	932	984	1038	1101	1163	1232	1303	1377	1447	1529	1614	1696	1793	1898	2008	2120
12	12	12	13	13	13	13	13	13	18	18	18	18	18	18	20	22	22	22	24	24	28	28	29	29	33	36	36	48	48	49	56	58	63	65	71	71	74	77	80	82	82	89	100	103	105	120	123	133	139	149	159	163	173	183	193	199	212	225	239	244	266	278	287	312	334	349	363	393	415	439	459	481	507	539	570	604	649	684	717	754	793	841	888	931	982	1037	1111	1167	1233	1303	1372	1446	1528	1612	1696	1782	1901	2007	2118
11	11	13	13	13	13	13	13	16	17	17	18	18	18	18	18	22	22	23	23	26	29	29	30	30	36	36	46	47	47	47	56	58	64	69	71	74	74	76	78	81	84	84	100	101	105	119	124	131	134	148	159	160	173	175	194	202	210	223	230	249	265	276	288	313	333	349	360	395	414	439	459	479	507	542	571	612	646	684	716	754	793	842	888	931	986	1036	1111	1167	1235	1305	1375	1446	1530	1611	1697	1781	1901	2007	2122
11	11	11	15	16	16	16	16	16	16	16	16	21	21	21	21	22	22	25	26	26	27	27	27	27	35	35	44	49	51	52	52	52	64	65	71	73	73	76	78	81	81	89	100	103	106	107	121	121	137	150	159	162	173	178	178	201	211	224	231	250	265	278	290	311	334	350	360	394	416	431	459	478	502	536	572	611	646	682	716	752	793	841	887	932	984	1039	1114	1167	1235	1306	1377	1446	1530	1612	1697	1782	1899	2005	2122
14	15	15	15	15	15	16	17	17	17	17	20	21	21	21	21	22	24	24	26	26	29	32	32	34	34	44	46	47	52	54	56	58	64	65	70	71	75	77	78	81	85	90	98	101	104	115	123	126	138	138	157	164	172	178	186	200	205	224	231	249	260	278	290	311	332	341	363	393	416	438	459	479	504	533	569	614	650	681	719	755	792	842	887	930	984	1039	1114	1169	1236	1305	1376	1444	1530	1613	1695	1787	1899	2009	2124
12	15	16	16	16	16	16	16	16	17	20	20	20	21	22	22	22	22	26	28	29	32	33	33	43	44	44	44	44	51	51	55	55	62	65	65	73	75	76	80	80	85	86	86	102	106	114	123	129	138	141	158	163	172	179	188	200	206	225	236	249	259	278	284	312	334	343	362	387	410	438	459	479	503	533	571	614	650	684	719	755	794	842	889	931	985	1036	1108	1166	1236	1303	1376	1443	1529	1612	1696	1786	1897	2009	2124
12	12	12	12	12	12	12	12	12	12	20	20	21	21	22	22	22	26	26	26	26	26	26	38	42	42	47	49	49	49	49	55	57	61	62	68	71	71	76	76	82	85	91	96	97	105	114	123	131	138	145	160	164	168	177	185	197	208	220	236	248	261	277	289	307	333	344	363	379	411	439	458	479	500	536	571	613	649	684	716	747	791	842	889	930	985	1044	1110	1167	1236	1306	1375	1444	1530	1599	1695	1785	1900	2011	2122
8	8	12	12	13	13	17	18	18	18	18	18	18	21	21	26	26	26	27	29	29	29	38	38	42	42	47	47	52	53	54	54	59	60	65	68	71	72	74	74	83	84	91	95	103	106	111	120	131	139	141	158	163	169	179	190	196	206	218	235	246	261	276	291	305	328	342	362	381	406	438	461	481	496	536	568	606	649	678	719	755	786	840	887	931	985	1044	1110	1168	1236	1304	1373	1444	1528	1604	1687	1786	1901	2011	2130
10	10	10	10	10	14	14	14	14	14	14	14	14	21	24	26	27	27	27	27	33	33	38	40	44	45	45	45	45	54	54	56	56	60	66	66	66	71	74	78	83	85	91	98	103	106	109	122	130	138	143	150	165	171	182	191	197	206	218	233	249	264	277	291	305	331	340	364	383	409	438	460	478	506	535	573	608	647	678	718	753	790	843	886	931	985	1043	1113	1168	1237	1304	1374	1442	1527	1604	1687	1786	1900	2009	2130
10	10	11	12	12	12	12	12	12	14	15	15	16	16	16	25	27	27	27	32	32	35	38	39	39	45	45	45	45	45	55	55	57	63	65	65	65	71	75	78	84	89	93	99	103	106	110	123	131	138	145	150	164	170	178	191	197	205	216	235	249	260	276	291	309	328	345	364	376	410	436	460	480	505	527	573	606	648	678	717	755	793	843	886	932	991	1041	1111	1163	1236	1304	1373	1439	1526	1604	1687	1788	1895	2009	2131
11	11	11	11	11	11	14	14	14	14	14	14	14	19	21	25	25	28	29	29	32	34	34	34	34	45	46	49	50	52	52	55	56	58	63	65	66	69	72	72	84	88	93	96	96	107	108	122	130	138	146	154	165	166	179	189	198	205	219	235	249	258	276	292	309	328	345	366	377	409	436	457	481	506	532	573	609	643	678	708	757	794	843	887	932	992	1041	1112	1169	1237	1304	1370	1441	1527	1604	1686	1787	1896	2009	2131
11	12	14	14	14	14	16	17	17	17	18	19	19	20	20	25	25	27	27	27	32	35	36	38	39	40	46	46	51	51	51	51	56	59	59	63	69	69	69	77	85	90	90	96	97	107	121	123	131	134	146	153	165	173	175	189	197	208	219	235	249	258	274	294	309	328	349	361	377	407	437	458	481	506	533	574	609	645	678	715	756	798	843	887	932	992	1050	1111	1173	1237	1300	1376	1440	1522	1601	1687	1790	1894	2011	2127
12	12	12	12	14	14	16	16	17	17	18	18	18	18	18	18	25	25	25	28	28	28	37	38	39	40	41	41	51	52	54	55	56	59	60	64	70	70	75	80	85	90	90	96	99	107	121	124	127	137	146	155	160	170	176	189	198	205	221	231	242	259	275	287	302	328	349	364	381	411	427	457	482	505	534	570	608	644	682	715	758	798	842	883	928	992	1049	1106	1174	1235	1303	1377	1439	1527	1601	1686	1791	1897	2012	2131
7	14	14	14	14	16	16	16	16	16	16	19	19	22	22	23	23	25	28	28	29	31	37	37	38	40	40	44	44	51	51	54	58	58	59	65	70	74	76	80	85	86	90	96	100	108	120	122	128	138	144	157	161	173	179	189	198	207	219	232	244	261	273	287	307	325	347	363	377	412	433	458	482	505	529	575	609	642	682	713	756	798	843	885	930	992	1051	1106	1175	1239	1302	1376	1439	1529	1604	1687	1790	1897	2011	2130
10	14	15	15	16	17	18	18	18	19	19	19	21	21	23	23	24	25	29	29	29	30	30	30	38	39	43	44	44	44	51	54	57	57	61	66	70	75	76	80	84	85	90	93	100	107	119	123	128	138	145	157	162	167	181	189	197	208	219	232	242	261	271	287	306	321	346	362	386	407	431	459	482	506	533	575	610	643	682	714	756	799	841	883	930	982	1052	1107	1180	1236	1303	1376	1437	1528	1599	1687	1789	1896	2011	2128
7	7	7	7	7	7	7	18	18	18	19	19	21	21	22	23	23	23	26	26	30	31	31	31	31	39	39	39	45	45	48	51	57	59	61	61	66	73	77	78	84	86	92	94	100	105	116	122	130	131	145	158	162	167	181	189	200	207	216	231	244	261	276	284	306	319	344	362	386	411	421	458	483	502	534	575	608	642	681	714	754	798	844	884	928	985	1052	1108	1180	1238	1302	1381	1442	1529	1603	1688	1789	1899	2011	2128
7	13	13	13	13	13	13	13	13	13	13	13	20	20	20	20	20	20	20	20	29	30	31	31	33	39	41	42	42	48	48	50	54	59	61	64	67	70	77	77	82	86	86	95	96	110	116	121	131	135	141	150	162	172	179	189	200	205	216	231	244	258	274	284	307	323	345	363	385	414	433	458	480	503	534	575	610	636	679	714	756	798	843	884	933	976	1052	1106	1179	1239	1301	1381	1441	1528	1602	1687	1791	1898	2014	2118
13	13	13	14	14	14	15	15	15	15	15	15	15	15	15	20	21	22	23	23	23	29	31	31	37	38	38	41	42	45	49	49	55	59	59	66	67	71	75	77	79	87	87	93	100	110	116	118	118	134	142	151	166	172	183	188	196	204	223	228	244	258	275	286	307	321	345	362	386	414	433	458	483	508	532	575	606	638	677	714	757	791	843	883	934	993	1051	1117	1176	1239	1304	1383	1444	1524	1608	1687	1792	1906	2018	2125
4	4	4	4	4	4	4	4	15	15	16	16	16	17	19	21	21	21	21	21	21	29	32	35	37	37	38	42	44	44	48	48	54	54	60	65	67	67	74	78	79	86	91	98	102	110	116	119	127	130	143	151	166	170	182	189	199	203	223	235	245	259	275	286	307	321	347	364	383	409	432	457	482	509	529	581	607	627	680	711	747	797	842	886	933	994	1047	1117	1181	1239	1303	1382	1445	1530	1608	1687	1793	1906	2021	2126
5	5	8	8	8	8	8	8	10	10	10	10	10	17	17	17	21	21	21	21	28	28	31	34	34	38	38	38	38	38	48	49	49	60	63	65	65	73	74	77	77	82	93	98	101	111	113	119	127	133	141	151	164	173	178	188	199	211	223	234	247	259	274	285	307	323	347	364	389	412	433	460	482	505	529	581	606	639	668	716	738	799	844	886	934	995	1051	1115	1181	1237	1303	1379	1445	1523	1607	1686	1792	1906	2018	2130
6	7	8	8	8	8	9	10	10	10	10	10	10	17	19	19	19	22	25	27	31	31	33	34	35	37	39	42	42	45	47	47	54	59	63	63	67	71	74	77	82	89	93	97	102	110	115	123	127	136	141	146	164	169	179	190	199	211	227	237	245	255	274	286	305	324	347	367	394	407	427	454	477	506	529	576	606	637	669	717	749	799	842	885	937	995	1052	1113	1180	1240	1301	1379	1446	1527	1608	1686	1792	1905	2018	2130
4	6	7	8	8	9	9	9	10	11	12	12	14	15	19	21	22	22	22	28	31	32	32	34	36	36	36	43	43	47	47	51	54	54	54	66	68	68	72	77	79	88	88	96	102	104	111	124	126	136	140	148	165	169	180	189	198	215	225	237	249	255	274	282	305	321	347	367	394	408	440	458	482	502	528	577	608	637	672	713	751	796	843	884	937	996	1052	1117	1174	1239	1309	1380	1446	1524	1604	1686	1794	1905	2018	2131
4	4	4	4	4	9	9	9	9	9	9	9	9	15	18	20	20	20	26	26	26	26	26	26	35	36	42	44	45	47	51	51	54	57	63	66	70	72	72	76	83	83	91	96	101	104	104	124	130	136	141	147	160	171	174	189	195	208	226	239	250	254	273	290	309	332	346	368	394	410	438	461	480	509	545	578	608	639	672	713	751	798	844	884	939	995	1048	1116	1173	1240	1309	1380	1446	1531	1606	1688	1790	1904	2009	2125
4	5	5	5	5	5	5	9	9	10	10	11	11	14	14	21	24	26	27	27	27	29	31	31	36	38	41	44	46	48	49	51	51	57	57	66	67	72	75	77	82	86	86	95	101	103	114	123	130	138	141	149	160	168	175	189	193	212	224	240	248	260	272	292	304	332	345	368	394	410	437	460	482	509	546	576	608	639	672	713	750	798	844	887	939	987	1038	1116	1178	1240	1309	1379	1447	1526	1606	1688	1799	1904	2015	2129
1	1	1	7	7	7	7	7	7	7	7	13	14	14	21	21	24	26	26	26	29	29	31	32	33	36	38	42	42	42	48	53	56	57	60	66	66	66	74	77	82	87	92	92	100	103	114	123	130	136	139	152	160	169	173	190	196	212	218	238	251	260	274	288	306	336	354	365	388	407	438	462	485	507	543	577	609	637	670	711	751	799	843	886	936	993	1053	1116	1178	1238	1308	1382	1448	1520	1608	1701	1797	1904	2015	2128
6	7	7	8	8	8	8	8	8	8	10	10	14	14	21	22	22	26	26	27	29	29	29	33	33	36	38	42	44	44	51	55	56	56	62	66	67	69	74	75	75	87	92	96	101	105	114	117	126	138	141	152	160	172	178	182	196	209	223	233	251	259	274	293	307	333	354	376	392	412	438	467	486	514	542	577	609	637	671	711	751	801	849	888	936	993	1051	1114	1176	1227	1311	1383	1446	1528	1608	1701	1799	1906	2017	2129
6	6	6	6	6	6	6	6	10	10	10	10	10	20	20	20	20	20	20	27	28	28	29	33	33	33	33	38	46	46	51	51	56	56	57	63	67	71	71	71	78	79	88	98	100	105	110	117	126	136	140	151	159	173	177	183	196	209	225	233	251	259	274	292	307	340	356	376	392	412	439	467	485	514	543	576	611	640	671	711	750	789	847	878	939	992	1054	1114	1179	1238	1311	1383	1449	1527	1609	1701	1798	1906	2003	2129
8	8	8	8	8	10	10	10	10	13	18	18	19	20	20	21	21	24	24	24	24	28	30	33	35	35	37	38	38	38	38	51	51	56	58	63	63	68	73	75	78	86	88	96	101	107	113	119	122	127	143	150	158	167	180	183	198	209	224	237	247	259	274	293	311	340	355	370	393	411	441	468	483	514	541	581	612	641	669	710	750	791	847	888	941	993	1054	1114	1179	1238	1308	1380	1449	1528	1606	1701	1798	1907	2020	2128
7	7	7	10	10	10	10	13	13	17	18	19	19	20	20	20	23	24	25	25	28	30	31	31	33	35	35	38	39	41	41	48	51	51	58	62	64	68	72	74	76	85	92	95	101	107	113	119	123	131	143	152	161	167	180	186	195	210	225	237	247	258	273	293	309	340	357	373	391	412	439	468	482	513	546	581	606	640	670	711	745	795	844	892	939	991	1054	1114	1178	1238	1309	1379	1449	1526	1611	1702	1798	1905	2020	2126
6	9	10	10	10	10	13	14	14	17	17	19	19	19	20	21	21	24	25	26	27	30	31	33	34	34	34	37	37	41	44	47	51	52	58	62	66	68	70	70	77	85	92	95	102	102	110	119	126	136	143	152	161	167	180	185	197	206	220	236	244	258	279	293	307	337	358	373	392	418	439	468	488	513	550	581	606	639	670	709	747	794	844	892	941	990	1049	1114	1165	1233	1311	1375	1444	1528	1612	1701	1799	1906	2016	2126
8	9	11	11	12	13	13	13	13	13	13	17	19	19	19	20	21	21	21	21	21	28	30	30	34	36	36	39	40	42	45	48	49	49	49	49	49	68	71	74	75	85	91	95	101	104	112	121	126	133	141	151	161	166	176	185	197	202	222	232	246	262	279	290	303	340	355	373	393	416	439	467	488	510	550	583	603	646	670	709	747	794	848	892	941	1000	1048	1113	1166	1235	1302	1378	1446	1525	1612	1701	1805	1905	2015	2124
7	7	7	7	7	12	12	12	12	13	13	13	13	19	19	20	22	23	23	25	25	28	29	31	31	36	38	40	40	42	45	46	48	48	48	55	57	66	71	71	84	89	91	95	102	104	112	121	128	133	139	150	154	170	177	188	197	207	223	235	247	262	279	293	305	338	356	372	390	416	436	467	487	507	549	584	604	645	669	710	744	795	847	894	938	999	1053	1108	1168	1235	1304	1379	1445	1524	1612	1697	1805	1907	2017	2122
7	7	7	7	7	7	7	7	7	7	7	7	7	7	19	20	20	20	23	24	24	26	26	26	31	31	31	39	41	43	45	46	50	53	53	54	57	57	71	73	83	89	90	98	100	100	112	124	127	135	143	150	164	170	176	188	197	208	223	231	249	263	276	291	320	338	360	374	392	417	436	465	489	518	549	581	604	645	670	710	746	797	847	894	942	996	1053	1111	1170	1228	1303	1379	1447	1526	1614	1697	1804	1907	2017	2123
2	7	7	7	7	8	8	8	8	8	12	12	13	15	15	15	15	15	23	24	24	24	24	27	27	31	32	32	41	41	45	46	51	53	54	56	56	56	71	74	82	88	90	97	107	108	108	123	127	135	143	152	164	170	174	187	196	203	222	231	247	264	280	294	319	334	357	378	392	410	443	468	489	519	548	578	600	645	670	710	746	793	845	893	939	996	1053	1112	1169	1232	1304	1380	1447	1525	1613	1698	1804	1903	2018	2124
6	7	7	7	7	7	8	8	11	11	11	13	13	13	13	15	15	15	15	15	24	24	25	25	25	25	31	32	32	45	46	46	51	53	54	55	57	57	66	81	85	85	96	101	107	107	120	123	129	133	138	138	163	165	177	187	196	215	223	233	247	264	280	295	316	342	358	378	391	419	445	468	491	519	552	579	604	643	674	711	751	794	847	893	944	997	1053	1112	1168	1229	1308	1378	1453	1525	1602	1695	1802	1905	2016	2118
6	6	7	7	7	8	8	8	11	11	11	11	11	11	11	16	17	20	20	22	22	24	25	26	26	27	31	32	35	41	45	46	50	50	54	57	58	63	73	82	85	90	96	101	103	114	119	123	125	135	143	151	151	167	174	188	202	214	220	234	243	260	276	294	317	343	356	376	391	419	445	468	491	519	556	580	608	643	671	712	751	794	847	898	942	996	1052	1111	1166	1231	1308	1378	1456	1525	1612	1698	1809	1901	2017	2112
5	5	5	8	8	10	11	11	11	11	11	15	15	15	16	16	16	19	19	22	22	22	22	22	22	22	30	31	35	41	43	46	46	51	56	57	61	63	77	81	85	88	95	102	110	116	119	125	130	135	139	151	155	168	182	189	201	214	219	234	245	272	284	303	317	342	356	377	395	413	445	467	491	519	553	580	608	643	674	710	749	785	845	899	939	994	1052	1111	1166	1234	1309	1377	1458	1529	1612	1698	1809	1910	2017	2118
8	8	8	8	9	10	10	10	12	14	15	15	15	16	17	17	17	19	19	22	23	25	28	28	30	30	30	31	35	37	43	45	46	50	54	58	61	62	77	81	85	85	92	99	106	110	120	125	130	134	145	149	163	164	180	186	202	212	221	236	252	272	287	302	314	342	351	377	395	417	442	470	492	520	551	574	609	641	669	713	750	789	844	897	940	995	1050	1112	1170	1234	1309	1377	1456	1526	1612	1697	1811	1907	2015	2119
6	6	9	9	9	9	9	12	12	12	15	15	15	16	17	17	17	19	22	22	22	24	26	26	30	30	31	33	37	37	38	45	47	47	50	56	60	71	73	80	85	88	92	92	107	114	119	120	128	133	146	154	163	164	176	192	201	213	221	237	252	271	287	304	317	340	359	375	398	418	442	468	492	519	551	577	610	642	674	713	750	788	835	898	940	993	1051	1112	1172	1231	1306	1380	1460	1529	1609	1698	1811	1910	2015	2115
9	9	9	9	11	11	12	12	13	13	13	13	16	16	17	17	19	21	21	21	23	23	26	27	27	30	32	33	36	38	40	45	45	47	47	47	47	71	76	78	86	88	95	96	109	115	119	123	130	135	145	153	163	164	181	190	194	205	218	235	252	273	286	299	319	339	358	373	400	418	438	469	491	511	552	577	609	641	670	707	745	792	838	897	940	994	1051	1108	1167	1232	1307	1378	1460	1529	1612	1697	1815	1907	2013	2123
4	4	4	4	4	4	4	4	4	4	4	13	13	16	16	17	17	17	17	17	21	23	23	26	30	32	32	35	38	40	42	44	44	44	44	44	68	70	77	82	83	89	94	98	109	111	119	122	128	141	144	156	163	174	180	187	196	208	228	237	254	274	283	307	319	338	353	380	397	414	438	467	493	511	549	575	610	644	671	709	751	792	843	896	937	994	1051	1108	1166	1227	1306	1375	1460	1530	1610	1694	1815	1903	2021	2123
5	5	5	5	12	12	13	13	13	13	13	15	16	16	16	17	17	20	20	21	21	21	21	30	31	32	32	35	38	40	42	43	48	48	48	48	69	69	77	81	81	91	96	98	103	110	119	122	128	141	143	157	163	173	183	192	196	207	228	237	254	271	288	307	317	341	357	381	398	416	441	468	494	511	548	575	606	643	670	710	751	798	842	896	941	996	1052	1103	1168	1230	1307	1376	1457	1527	1615	1695	1811	1914	2021	2124
7	7	7	12	12	12	13	13	13	14	15	15	15	15	15	16	17	17	17	17	17	26	26	30	31	31	35	35	40	40	40	47	47	53	57	57	69	72	76	81	85	89	91	100	103	111	117	124	124	140	148	156	165	175	183	189	197	207	229	238	257	281	288	305	324	341	357	379	398	414	441	467	492	509	548	575	603	643	669	709	750	796	842	896	941	997	1057	1107	1169	1227	1301	1375	1459	1529	1613	1689	1812	1914	2022	2123
6	6	11	11	11	11	11	13	13	13	13	13	15	15	15	17	18	18	19	24	26	28	28	28	28	35	36	37	40	41	45	47	50	53	60	60	70	73	76	78	82	90	93	96	100	112	121	124	129	141	149	155	164	175	182	190	190	212	229	236	258	281	288	310	325	341	359	381	398	418	435	463	477	510	544	576	608	642	672	715	751	797	831	896	936	997	1057	1107	1164	1230	1304	1375	1461	1527	1615	1695	1809	1914	2022	2128
10	11	11	11	12	12	13	13	13	13	13	14	14	14	14	15	17	17	22	22	22	27	28	29	29	35	36	38	39	43	45	45	45	57	60	62	69	69	76	76	85	90	92	96	103	111	121	126	129	141	149	160	162	169	179	191	198	212	229	229	266	281	291	310	327	340	357	381	398	418	437	464	485	511	545	576	608	642	672	714	751	798	841	899	942	996	1055	1108	1167	1227	1303	1373	1461	1527	1615	1691	1813	1918	2013	2128
10	10	12	12	12	13	13	13	13	14	14	14	14	14	14	14	14	22	22	24	25	26	26	32	32	35	36	36	41	41	46	49	49	57	60	66	70	72	76	82	85	88	93	96	100	100	121	126	131	141	148	160	164	167	180	190	197	212	229	243	266	282	291	310	326	334	353	381	399	419	431	464	488	512	545	574	603	642	670	716	748	798	836	898	943	985	1057	1107	1164	1232	1305	1373	1461	1527	1608	1693	1809	1918	2021	2125
12	12	12	12	12	12	12	12	12	12	12	12	12	12	21	21	22	23	24	25	25	25	26	32	33	33	35	37	41	42	46	48	52	56	63	66	67	67	73	85	87	88	93	97	103	105	114	126	137	138	138	159	163	175	182	190	197	212	230	243	262	282	296	308	326	339	351	378	398	416	437	464	489	511	546	574	604	642	680	716	750	798	834	899	940	985	1058	1107	1165	1233	1305	1367	1461	1528	1613	1691	1810	1912	2018	2125
12	12	13	14	15	15	15	15	16	16	17	17	21	21	21	21	21	21	24	24	25	25	31	32	32	33	33	36	42	43	43	47	54	56	57	65	70	71	80	85	87	87	90	96	98	110	110	128	137	145	150	159	165	173	182	194	201	209	230	243	256	271	294	307	326	338	350	379	398	417	437	465	486	513	542	575	602	641	680	715	750	799	837	887	942	986	1056	1103	1171	1223	1303	1369	1449	1528	1610	1691	1811	1919	2016	2138
10	10	10	14	14	15	15	15	16	16	17	18	20	20	21	22	23	24	24	24	29	29	30	32	32	35	35	35	41	43	46	50	54	55	55	65	70	78	80	85	87	89	90	94	100	110	116	128	135	144	149	158	163	173	183	194	203	216	229	240	259	275	290	303	327	340	353	379	398	417	435	456	487	513	546	571	601	640	678	716	754	790	837	889	940	985	1056	1109	1171	1231	1304	1370	1450	1528	1612	1692	1811	1919	2017	2138
10	11	11	11	11	14	14	15	15	15	17	17	17	17	17	22	22	22	24	24	29	29	30	30	33	35	35	40	41	44	45	48	48	48	64	69	74	78	83	83	88	89	93	95	100	112	114	128	131	145	151	159	167	174	183	194	202	215	231	240	259	275	292	306	326	339	353	381	398	415	435	456	491	513	545	572	601	633	678	715	750	796	838	886	942	985	1056	1109	1170	1233	1297	1372	1453	1528	1613	1690	1811	1921	2017	2138
8	8	8	8	8	8	14	15	15	15	15	17	17	19	19	19	19	23	26	27	27	29	30	30	33	34	35	40	41	41	41	56	58	63	67	69	75	77	83	86	87	91	94	97	100	113	119	121	135	144	150	157	167	174	181	192	202	218	232	242	260	274	293	306	317	340	352	365	393	415	440	457	491	513	534	570	606	635	676	717	753	794	834	888	927	981	1043	1109	1170	1233	1294	1371	1454	1525	1606	1693	1809	1922	2017	2137
9	9	11	11	11	12	12	12	12	12	12	19	19	19	19	19	19	26	26	26	27	29	29	33	33	35	38	40	42	42	48	55	57	64	67	69	74	75	82	86	87	87	93	95	101	112	119	123	134	136	149	153	166	169	181	181	201	218	232	244	259	273	292	299	318	335	352	375	392	415	438	455	491	513	539	571	606	636	677	706	754	797	835	888	937	984	1041	1113	1168	1233	1301	1375	1455	1522	1611	1693	1809	1918	2017	2137
9	9	9	9	9	9	9	9	9	9	19	20	20	21	22	22	24	26	26	27	27	27	32	32	34	35	36	36	40	48	53	53	53	59	59	71	74	74	75	82	89	92	94	98	106	114	119	123	133	138	148	154	167	169	184	193	201	220	234	244	261	274	293	303	312	336	354	374	396	416	437	459	491	513	539	572	607	642	671	717	750	798	836	885	936	984	1043	1113	1173	1231	1301	1374	1455	1531	1611	1698	1807	1924	2020	2137
6	9	10	12	16	17	18	18	18	19	19	19	21	21	21	24	25	25	25	27	27	27	31	33	34	35	36	38	48	48	52	53	57	60	62	62	72	72	78	78	89	93	93	100	104	115	119	121	135	138	140	150	164	172	179	192	204	219	233	246	262	271	286	297	313	341	357	374	397	417	438	457	491	512	539	572	602	639	678	717	755	799	835	887	931	985	1038	1113	1172	1232	1299	1374	1456	1529	1610	1698	1800	1925	2017	2137
8	8	9	9	15	15	18	19	19	19	20	20	21	22	23	25	25	26	27	27	28	28	28	28	28	28	28	28	43	48	52	53	55	60	62	66	66	73	77	81	81	94	96	102	104	111	111	121	121	137	139	156	164	171	185	193	204	219	233	249	256	272	290	305	319	336	351	372	394	414	437	457	483	517	539	564	603	637	677	716	758	799	836	887	938	983	1039	1108	1172	1231	1300	1373	1454	1530	1610	1720	1799	1923	2019	2137
