0	1	0	2	0	3	3	3	0	4	4	4	0	5	0	0	6	6	0	7	0	8	8	8	8	0	0	9	9	0	0	10	0	0	11	11	11	0	12	0	0	13	0	0	0	0	14	14	14	0
0	0	0	2	0	3	0	3	0	0	0	4	0	5	0	15	0	0	7	7	0	0	0	0	8	0	9	9	0	0	18	0	0	19	0	0	11	0	12	0	13	13	13	0	0	14	14	0	0	0
22	22	0	2	0	0	23	0	24	0	0	0	5	5	5	0	0	26	0	0	0	27	0	28	0	0	0	9	0	0	0	0	0	19	0	0	0	0	0	0	13	0	0	0	29	0	0	30	30	30
0	22	22	0	31	31	0	0	0	32	0	33	0	5	5	5	5	0	27	0	0	27	0	0	35	0	0	0	0	0	0	36	0	0	37	0	0	38	38	0	0	39	0	30	0	0	0	30	0	0
0	22	22	22	0	31	31	0	0	0	41	0	42	0	5	5	0	27	27	27	0	27	0	35	35	0	45	0	0	0	46	0	37	37	37	0	38	38	38	38	38	0	30	30	30	30	30	30	0	50
0	0	0	0	51	0	0	0	0	0	0	0	0	0	0	5	0	0	27	27	27	27	0	35	35	35	0	79	79	0	0	0	37	0	0	53	0	0	0	0	0	0	30	30	30	0	30	30	30	0
0	0	51	51	51	0	0	0	0	0	0	55	55	55	55	0	85	85	0	27	0	0	35	35	0	0	79	79	0	0	59	0	0	60	0	0	0	61	0	0	0	62	0	30	0	97	0	0	0	0
51	51	51	51	0	0	0	65	65	0	90	0	0	0	55	0	0	85	0	0	0	0	35	0	0	0	0	79	79	0	59	59	0	60	60	0	67	0	0	68	68	0	69	0	97	97	97	0	71	0
0	0	0	0	72	0	0	65	0	0	90	90	90	0	0	0	0	85	0	0	35	35	35	35	0	0	0	79	79	0	59	59	0	0	0	68	0	0	0	68	68	0	0	75	0	0	97	97	0	0
0	76	76	0	72	0	0	65	0	77	0	90	0	0	85	85	85	85	0	0	35	35	35	0	0	0	0	0	79	79	0	0	79	0	68	68	68	68	68	68	68	0	0	0	0	97	97	97	97	0
82	0	76	0	0	83	83	0	84	0	0	90	0	0	0	0	85	0	85	0	0	35	35	0	86	0	0	79	79	79	79	79	79	0	68	0	0	0	68	0	68	68	68	68	0	97	97	0	0	0
82	82	0	0	83	83	0	0	0	0	90	90	0	90	90	0	85	85	85	0	91	0	35	35	0	0	79	0	0	0	79	79	0	0	0	0	0	0	0	0	68	68	68	68	68	0	97	97	97	0
0	82	0	0	83	0	0	0	0	0	0	90	90	90	90	0	0	85	0	0	0	35	35	0	79	79	79	79	79	79	79	0	0	0	0	0	0	95	0	0	68	68	0	0	0	97	97	0	0	97
82	82	0	0	83	0	0	0	99	0	100	0	90	0	90	0	101	0	102	0	103	0	0	79	79	0	0	0	0	79	0	0	105	105	0	106	106	0	0	0	68	68	68	68	68	0	97	97	97	97
0	0	0	107	0	0	0	108	0	109	0	0	90	90	90	0	0	0	0	0	103	0	0	79	79	79	0	0	110	0	0	0	105	0	106	106	0	0	0	68	68	0	0	0	0	0	0	97	0	97
0	0	0	0	0	0	0	108	0	109	109	0	90	0	90	0	227	227	227	0	0	79	79	79	0	0	115	0	110	0	116	116	0	106	106	0	118	0	119	0	68	0	0	120	0	121	0	97	97	0
0	146	146	0	0	0	123	0	0	109	109	0	90	0	90	0	227	0	0	0	227	0	0	0	0	0	115	115	0	0	0	116	0	0	0	118	118	0	0	126	0	0	127	0	0	0	128	0	0	0
146	146	146	0	130	0	123	0	109	109	0	0	0	90	90	0	227	227	227	227	227	0	133	133	0	0	0	115	115	0	134	0	135	0	136	0	118	118	0	126	126	0	0	0	0	128	128	128	0	138
146	0	146	0	0	0	0	109	109	109	109	0	140	0	90	0	227	227	0	0	0	133	133	0	143	0	143	0	0	0	134	0	0	0	0	0	118	118	0	0	0	0	144	0	145	0	0	0	0	0
146	146	0	146	146	146	0	0	0	0	0	0	0	0	90	90	0	227	0	0	227	0	0	0	143	143	143	143	0	148	0	149	0	150	0	118	118	118	118	0	0	144	144	0	145	0	0	0	0	153
146	146	146	146	0	146	0	154	154	0	155	155	0	156	0	0	0	227	227	227	227	0	227	227	0	0	143	0	0	148	148	0	0	0	118	118	0	0	0	159	0	0	0	0	0	160	0	0	153	153
0	146	146	0	0	0	0	154	0	162	0	155	155	0	163	0	0	0	227	0	0	0	227	227	0	0	0	148	148	148	148	0	165	0	118	0	166	166	166	0	160	160	160	0	160	160	160	0	0	153
169	0	0	170	170	170	170	0	0	162	162	0	0	171	0	0	227	227	227	0	0	0	227	227	0	185	185	0	0	0	148	0	0	0	118	0	0	166	0	174	0	160	160	160	160	160	160	0	0	153
0	175	0	170	170	0	0	0	0	0	0	171	171	171	0	227	227	0	0	227	227	227	227	227	0	185	185	0	179	0	148	148	0	0	0	181	181	0	181	0	0	160	160	0	0	0	0	0	0	0
0	175	175	0	170	170	0	0	0	171	0	171	0	171	0	227	227	0	227	0	227	227	0	0	0	185	0	185	0	185	0	0	0	181	181	181	0	181	181	181	0	160	0	188	0	0	0	0	189	0
190	0	0	170	170	0	0	0	171	171	171	171	0	0	0	227	227	0	227	227	227	227	227	227	0	185	0	185	185	185	185	0	193	0	181	181	0	181	181	0	0	160	160	0	194	194	194	0	0	195
0	0	196	0	0	197	0	0	0	171	171	0	227	227	227	227	0	227	227	227	227	0	227	0	0	185	185	185	0	185	0	0	0	200	0	181	181	181	181	181	0	0	0	0	194	194	0	201	0	0
0	197	0	197	197	197	0	227	227	0	0	227	227	227	227	227	0	227	227	0	0	227	227	0	0	0	185	0	207	0	213	0	0	200	0	181	181	181	181	0	209	0	0	0	194	0	0	201	0	210
197	197	0	0	197	0	0	0	227	227	0	227	0	227	0	227	227	227	227	227	227	0	0	0	212	212	0	0	0	0	213	0	213	0	0	181	181	0	181	0	0	0	214	0	0	0	215	0	210	210
0	197	197	0	197	197	197	0	227	227	0	227	227	0	227	227	227	227	227	227	0	0	218	218	0	0	0	219	0	0	213	213	213	213	0	181	181	0	0	214	214	214	214	214	0	221	0	210	210	0
223	0	197	197	197	197	0	227	227	227	227	0	227	0	227	227	227	0	0	227	227	0	0	218	0	0	0	219	0	0	213	213	0	213	213	0	0	225	225	0	214	214	214	214	214	0	0	0	210	210
223	223	0	0	0	0	0	0	0	0	227	227	227	0	227	227	0	227	227	227	0	227	0	0	219	219	219	219	0	292	0	0	230	0	0	231	231	0	0	0	214	214	0	0	214	214	214	214	0	0
0	0	232	0	227	227	227	227	227	0	0	227	227	0	0	227	0	227	0	227	227	227	227	227	0	0	0	0	292	292	0	0	0	231	231	231	0	236	236	0	0	214	0	0	0	214	0	0	237	0
238	0	0	0	0	227	0	227	227	227	227	227	0	0	239	0	0	0	227	227	227	0	227	0	292	292	0	292	292	0	0	0	0	0	231	0	0	236	0	243	0	214	214	0	0	214	214	0	237	0
0	0	244	0	0	0	0	0	0	227	0	0	245	0	239	0	246	0	227	0	227	0	0	292	292	292	0	0	292	0	292	0	0	249	0	0	0	0	250	0	0	214	214	214	0	214	0	0	0	0
0	251	0	252	252	252	0	253	0	0	0	0	0	254	0	0	0	0	227	0	0	292	292	292	292	292	292	0	292	292	292	0	256	0	0	0	257	257	0	258	0	214	0	0	259	0	0	260	260	260
0	251	251	0	0	0	261	0	262	262	262	262	0	0	0	0	263	263	0	264	0	292	292	292	292	0	292	0	0	292	0	256	256	0	257	257	257	257	257	0	0	0	259	259	259	0	0	0	260	0
0	0	251	0	0	268	0	262	262	262	0	0	0	0	270	270	0	0	271	0	272	0	0	292	0	292	292	292	0	292	0	0	0	257	0	257	0	0	257	0	275	0	259	259	259	259	259	0	260	0
0	276	0	0	0	0	0	0	262	262	0	0	0	0	270	270	270	0	271	0	0	0	0	0	0	0	0	292	292	292	0	0	257	257	257	257	0	278	0	279	0	259	259	259	0	0	0	0	0	281
0	276	276	0	282	0	303	0	262	262	262	262	262	0	270	270	0	0	271	0	0	0	284	284	284	284	0	0	292	292	0	285	0	0	257	257	257	0	0	0	0	259	259	0	0	0	0	286	286	0
0	0	0	303	0	303	303	303	0	262	262	262	0	289	0	270	0	0	0	290	0	0	0	284	284	0	292	292	0	292	0	0	292	292	0	257	0	0	0	0	322	0	259	259	259	0	0	286	286	0
0	0	0	303	0	303	303	0	0	0	262	262	0	0	0	270	0	294	0	0	295	0	284	284	0	292	292	292	292	292	292	292	292	0	298	0	299	0	0	0	322	322	0	259	0	322	322	0	286	286
0	0	0	303	303	303	0	0	303	303	0	0	302	0	303	0	0	0	304	0	0	0	0	0	0	292	292	292	292	292	0	292	0	0	0	0	0	305	0	306	0	322	0	0	322	322	0	0	0	286
303	0	303	303	303	0	0	0	303	303	303	303	0	0	303	303	303	303	0	0	310	310	310	0	0	292	292	292	0	292	0	0	311	0	0	312	0	305	0	0	0	322	322	322	322	0	313	0	314	0
303	303	303	0	303	0	303	303	303	0	303	303	303	303	303	0	303	303	303	0	0	0	0	316	0	0	292	292	0	292	0	0	311	311	311	0	0	0	322	322	322	322	322	322	322	0	0	314	314	0
0	0	303	0	303	303	303	303	0	0	0	303	0	303	303	0	0	0	303	0	319	319	319	0	320	0	0	292	292	0	0	0	0	0	0	0	322	322	322	322	322	322	322	322	0	322	322	0	0	323
0	324	0	303	303	0	0	303	0	0	0	303	303	303	0	0	0	303	303	0	319	319	319	0	320	320	0	292	292	292	0	0	327	0	328	0	0	322	322	0	322	322	0	322	322	322	0	329	329	0
0	324	0	0	0	0	330	0	303	303	303	303	0	0	0	0	319	0	0	319	319	0	319	0	0	320	0	0	0	0	0	0	0	328	328	0	335	0	0	0	0	322	0	322	322	0	336	0	329	0
324	324	324	324	0	0	330	0	0	0	303	0	0	0	0	319	319	319	319	319	0	0	319	0	0	0	339	339	339	0	340	0	328	328	328	0	335	0	0	342	0	0	0	0	0	0	336	336	0	343
0	0	0	0	344	0	330	0	303	303	303	0	0	0	0	319	319	319	0	319	319	0	319	319	319	0	339	0	0	346	0	347	0	0	0	0	335	0	0	0	0	348	0	349	0	350	0	0	351	0
